38
35
38
47
38
36
36
31
42
32
35
40
33
35
35
33
34
35
38
28
29
35
33
34
43
40
35
38
35
40
31
33
27
33
38
27
37
44
33
33
31
38
37
33
35
116
622
1453
2433
3410
4157
4576
4698
4485
4182
4094
4063
3937
3746
3534
3222
2788
2381
2082
1844
1630
1491
1393
1293
1172
1050
975
918
843
776
694
617
503
419
288
139
6
-34
-45
-49
-44
-43
-40
-43
-48
-47
-54
-40
-37
-45
-44
-40
-47
-48
-44
-44
-45
-41
-45
-34
-41
-40
-44
-44
-40
-40
-37
-40
-39
-33
-37
-37
-42
-38
-45
-41
-39
-47
-35
-42
-43
-42
-41
-45
-50
-38
-41
-40
-35
-47
-35
-42
-39
-39
-39
-37
-37
-34
-44
-34
-41
-35
-30
-41
-37
-42
-38
-37
-35
-32
-40
-40
-37
-36
-43
-33
-28
-37
-44
-37
-39
-34
-40
-41
-36
-43
-24
-35
-35
-34
-35
-30
-40
-38
-41
-33
-30
-42
-31
-35
-172
-802
-1697
-2718
-3665
-4324
-4645
-4683
-4413
-4172
-4146
-4126
-3980
-3659
-3255
-2887
-2574
-2316
-2102
-1867
-1672
-1526
-1412
-1265
-1122
-1019
-954
-888
-796
-737
-650
-565
-451
-375
-214
-70
24
35
35
43
41
50
45
43
40
42
45
41
35
44
44
43
43
35
41
44
41
40
35
41
42
45
46
41
44
36
41
41
43
44
39
35
35
37
40
40
40
38
43
38
40
41
46
37
28
36
31
41
44
39
43
41
36
38
36
