34
34
37
40
34
34
37
33
38
27
30
35
21
25
28
31
31
32
32
38
32
34
28
40
31
34
34
34
31
33
32
31
32
27
34
23
33
32
31
32
30
34
34
29
30
30
57
360
1139
1989
2813
3436
3820
4034
4110
4037
3881
3914
4001
3991
3879
3607
3164
2744
2400
2072
1752
1529
1410
1328
1222
1100
984
912
861
807
755
688
633
574
503
398
282
137
5
-46
-47
-52
-49
-45
-44
-50
-43
-41
-49
-40
-45
-37
-43
-43
-46
-47
-43
-48
-47
-43
-38
-41
-47
-36
-44
-43
-45
-45
-48
-48
-40
-44
-40
-31
-41
-44
-41
-37
-43
-48
-42
-41
-42
-43
-45
-44
-47
-39
-43
-41
-42
-44
-41
-43
-38
-41
-45
-35
-43
-37
-43
-37
-43
-47
-39
-42
-44
-44
-38
-40
-39
-37
-35
-38
-37
-38
-37
-37
-35
-37
-33
-35
-37
-35
-41
-35
-35
-39
-33
-40
-37
-37
-39
-37
-42
-40
-40
-41
-40
-41
-61
-430
-1224
-2099
-2936
-3572
-3955
-4127
-4172
-4035
-3903
-3938
-4020
-3987
-3768
-3390
-3002
-2653
-2327
-1989
-1705
-1524
-1422
-1336
-1221
-1082
-974
-907
-844
-783
-726
-663
-605
-542
-476
-370
-233
-80
21
41
33
38
45
41
39
42
37
40
41
39
32
35
39
43
47
41
39
39
36
41
47
34
36
40
31
30
38
37
39
42
51
41
40
34
36
41
39
38
50
40
43
42
40
33
39
35
43
39
40
36
34
37
38
31
