43
36
37
33
35
41
41
45
36
31
38
35
33
40
32
37
37
42
37
31
38
41
40
37
35
40
42
28
37
41
39
41
37
40
35
33
35
32
31
37
37
37
26
38
34
43
354
1135
2040
2942
3665
4104
4328
4384
4224
4067
4047
3990
3809
3506
3105
2721
2437
2244
2117
1979
1793
1617
1486
1392
1298
1188
1064
959
880
803
736
647
575
475
388
251
77
-22
-44
-47
-41
-46
-45
-43
-38
-41
-43
-43
-45
-53
-44
-46
-45
-45
-38
-44
-42
-36
-43
-41
-44
-43
-45
-48
-37
-40
-37
-38
-42
-38
-49
-46
-48
-42
-43
-34
-34
-48
-37
-44
-44
-36
-43
-40
-45
-46
-48
-46
-48
-50
-39
-47
-31
-30
-48
-41
-47
-44
-43
-47
-41
-46
-34
-42
-30
-27
-43
-43
-43
-43
-37
-45
-35
-41
-43
-49
-47
-32
-44
-37
-33
-34
-35
-30
-37
-39
-32
-43
-38
-39
-40
-40
-41
-37
-39
-42
-40
-40
-35
-56
-376
-1172
-2065
-2946
-3657
-4107
-4344
-4403
-4209
-4045
-4013
-3932
-3744
-3477
-3136
-2753
-2456
-2265
-2139
-1974
-1778
-1618
-1491
-1380
-1270
-1131
-1010
-923
-852
-768
-708
-631
-552
-434
-337
-179
-23
31
43
43
47
38
43
43
36
45
49
44
43
40
41
33
38
42
43
40
36
38
46
40
38
38
39
37
32
38
43
38
45
47
40
47
46
41
44
37
33
44
40
44
44
38
41
29
40
42
37
40
30
34
40
42
38
37
