43
35
37
33
33
44
35
43
41
34
35
31
26
38
34
30
31
34
35
25
31
34
27
31
32
30
36
28
32
32
27
31
29
31
36
30
38
32
36
45
40
41
35
36
37
33
35
61
425
1264
2201
3098
3757
4123
4287
4261
4032
3891
3888
3826
3668
3439
3156
2768
2424
2215
2074
1897
1696
1526
1403
1290
1169
1041
957
902
841
798
740
678
598
528
453
342
204
57
-38
-38
-50
-41
-44
-48
-40
-50
-46
-45
-43
-46
-46
-40
-43
-49
-51
-51
-36
-40
-48
-50
-40
-39
-39
-36
-38
-42
-46
-41
-45
-44
-34
-40
-49
-44
-47
-41
-43
-36
-38
-38
-45
-43
-43
-43
-45
-36
-40
-49
-51
-45
-42
-40
-43
-45
-44
-46
-44
-44
-43
-37
-44
-43
-44
-41
-37
-43
-36
-33
-40
-41
-34
-34
-44
-34
-40
-43
-39
-42
-40
-35
-40
-43
-43
-37
-44
-39
-35
-45
-41
-27
-30
-38
-33
-36
-41
-38
-34
-34
-37
-99
-600
-1471
-2358
-3188
-3786
-4110
-4255
-4217
-3992
-3900
-3898
-3810
-3622
-3323
-2956
-2632
-2386
-2259
-2128
-1954
-1756
-1594
-1439
-1294
-1142
-1017
-935
-889
-829
-778
-730
-664
-599
-527
-438
-294
-120
15
40
41
44
36
46
40
40
40
40
45
42
34
43
35
40
43
43
41
45
45
35
43
41
50
41
41
40
37
40
37
33
33
33
45
42
40
37
38
42
34
29
37
36
33
38
42
34
31
35
38
39
41
34
27
