38
40
41
40
36
44
28
30
35
35
38
38
33
41
35
40
43
43
40
34
41
42
46
38
35
31
37
35
38
31
31
33
30
37
35
28
33
34
28
41
27
29
41
36
33
34
38
35
61
448
1275
2183
3034
3670
4046
4242
4268
4064
3933
3965
3965
3856
3649
3301
2874
2558
2310
2083
1826
1613
1468
1351
1201
1071
976
910
851
795
736
681
610
547
486
398
276
113
-15
-40
-48
-43
-43
-45
-44
-41
-44
-47
-45
-43
-47
-43
-47
-40
-50
-46
-44
-43
-45
-51
-40
-43
-45
-43
-43
-45
-47
-43
-45
-44
-47
-49
-38
-41
-41
-39
-45
-40
-44
-39
-44
-40
-45
-45
-37
-38
-40
-46
-43
-35
-33
-45
-44
-37
-35
-37
-35
-43
-35
-41
-39
-25
-40
-48
-42
-35
-38
-42
-37
-37
-35
-38
-45
-39
-36
-32
-40
-48
-42
-40
-43
-45
-35
-41
-43
-34
-37
-32
-41
-34
-39
-38
-34
-49
-37
-46
-38
-38
-38
-37
-106
-623
-1482
-2379
-3219
-3837
-4179
-4324
-4270
-4053
-4001
-4048
-4002
-3833
-3537
-3093
-2682
-2409
-2217
-1997
-1757
-1571
-1420
-1291
-1145
-1026
-928
-867
-815
-771
-706
-645
-585
-516
-436
-320
-151
-8
44
41
41
43
37
44
40
47
44
39
33
35
37
33
42
46
44
36
35
31
34
33
38
34
34
44
33
32
36
37
34
39
42
38
44
38
37
39
38
40
35
40
41
37
40
44
34
41
37
31
44
33
31
36
