38
39
50
38
35
39
44
46
38
35
37
39
44
51
40
43
40
33
37
44
45
41
37
41
40
32
45
39
37
39
30
43
40
43
41
35
43
41
35
44
40
43
42
35
46
41
145
739
1622
2501
3285
3798
4080
4189
4098
3864
3766
3769
3710
3554
3270
2909
2559
2339
2211
2082
1900
1692
1529
1403
1287
1148
1026
942
873
808
749
694
635
575
510
433
324
177
31
-31
-36
-40
-43
-43
-41
-41
-40
-37
-42
-43
-39
-35
-42
-42
-35
-39
-43
-42
-40
-35
-34
-33
-37
-44
-40
-40
-43
-40
-33
-35
-37
-40
-31
-28
-35
-30
-38
-45
-33
-40
-36
-38
-38
-30
-40
-35
-35
-30
-31
-37
-35
-45
-30
-38
-41
-35
-35
-37
-40
-33
-31
-37
-31
-38
-38
-35
-35
-29
-39
-40
-40
-38
-36
-37
-37
-42
-29
-34
-37
-34
-40
-28
-27
-34
-28
-31
-31
-39
-40
-40
-38
-34
-39
-34
-31
-34
-33
-40
-32
-43
-285
-1024
-1925
-2798
-3507
-3942
-4165
-4212
-4045
-3854
-3833
-3826
-3704
-3433
-3041
-2678
-2454
-2339
-2242
-2080
-1864
-1655
-1490
-1356
-1225
-1087
-996
-932
-874
-822
-767
-706
-648
-592
-536
-472
-402
-298
-173
-37
31
40
47
53
47
48
44
49
47
45
47
44
44
45
37
51
46
51
43
41
50
46
45
51
49
43
47
41
43
46
45
46
40
47
47
48
40
40
45
40
39
38
34
34
34
50
47
45
42
45
37
40
49
45
