38
40
38
42
34
39
40
40
42
38
42
40
37
37
40
41
40
33
41
40
34
43
37
35
40
35
30
35
28
36
35
35
38
31
39
33
30
37
36
37
40
36
43
33
43
41
34
51
297
1040
1895
2717
3383
3794
4007
4077
3953
3759
3722
3738
3662
3487
3260
2948
2590
2313
2145
2008
1827
1629
1471
1364
1269
1169
1034
917
831
760
707
659
601
545
490
403
289
155
14
-37
-36
-49
-48
-40
-41
-47
-50
-50
-45
-39
-44
-43
-40
-47
-45
-37
-48
-36
-40
-38
-41
-35
-37
-41
-34
-40
-34
-37
-43
-36
-44
-46
-44
-35
-38
-40
-40
-40
-41
-34
-35
-35
-37
-38
-41
-43
-41
-47
-36
-41
-40
-38
-41
-43
-41
-42
-42
-38
-38
-39
-34
-43
-34
-39
-32
-33
-43
-38
-40
-41
-40
-37
-36
-40
-32
-38
-38
-37
-41
-34
-45
-35
-37
-37
-40
-38
-35
-44
-37
-35
-37
-34
-34
-34
-30
-31
-32
-34
-32
-88
-548
-1354
-2203
-2983
-3579
-3922
-4096
-4103
-3922
-3769
-3768
-3734
-3585
-3388
-3121
-2785
-2482
-2265
-2103
-1938
-1750
-1588
-1457
-1350
-1249
-1138
-1011
-917
-846
-787
-740
-690
-638
-581
-524
-452
-353
-251
-109
10
49
41
45
44
43
49
46
50
44
37
38
43
40
36
44
40
37
41
45
43
45
43
47
51
38
33
38
38
37
41
37
41
39
40
45
45
44
44
35
47
38
42
44
40
34
42
36
43
41
40
38
41
