38
33
34
37
45
41
52
45
40
39
40
44
40
35
43
41
37
42
38
37
42
39
37
38
39
40
36
37
35
29
39
38
36
34
41
34
37
38
44
30
40
34
30
38
36
29
38
150
750
1595
2433
3183
3743
4056
4182
4116
3883
3793
3788
3714
3565
3332
2966
2571
2313
2169
2066
1898
1691
1534
1414
1278
1139
1021
932
875
812
767
720
657
599
538
472
378
255
115
0
-35
-37
-51
-46
-43
-35
-43
-48
-46
-50
-49
-44
-34
-37
-42
-41
-44
-45
-44
-43
-44
-43
-36
-38
-53
-40
-45
-38
-44
-36
-36
-33
-35
-43
-37
-44
-39
-39
-48
-41
-41
-37
-37
-33
-40
-43
-40
-42
-44
-40
-40
-39
-38
-35
-39
-39
-37
-37
-34
-37
-35
-27
-40
-38
-41
-37
-33
-31
-25
-38
-36
-43
-45
-31
-31
-33
-43
-42
-35
-35
-43
-43
-40
-33
-34
-36
-45
-33
-35
-39
-41
-42
-43
-34
-36
-32
-39
-37
-37
-42
-201
-854
-1710
-2561
-3303
-3799
-4068
-4160
-4073
-3837
-3762
-3758
-3704
-3547
-3330
-3024
-2627
-2315
-2119
-1966
-1773
-1606
-1459
-1343
-1224
-1101
-993
-917
-851
-801
-750
-703
-645
-587
-532
-471
-383
-265
-125
-2
34
45
50
43
38
42
43
42
46
53
43
44
42
38
41
42
53
39
40
41
44
45
45
43
41
41
43
45
48
47
38
39
41
45
38
44
44
44
37
33
40
38
38
48
39
39
36
40
40
39
48
36
30
