42
44
38
38
34
38
40
44
30
41
33
35
37
34
41
43
38
47
35
37
41
30
43
35
37
40
34
35
34
31
37
29
31
34
42
45
43
37
35
35
33
38
38
38
35
51
282
964
1860
2886
3786
4382
4641
4605
4310
4124
4097
4022
3850
3567
3191
2820
2509
2236
2017
1788
1593
1468
1375
1271
1139
1021
944
894
827
731
661
563
456
283
176
31
-35
-45
-48
-43
-51
-47
-43
-40
-40
-40
-48
-45
-38
-41
-38
-41
-50
-41
-43
-42
-45
-47
-34
-43
-36
-44
-41
-39
-39
-33
-38
-40
-41
-33
-40
-36
-37
-40
-37
-40
-41
-47
-44
-34
-35
-34
-33
-46
-41
-45
-41
-38
-41
-37
-50
-45
-34
-35
-38
-41
-36
-38
-44
-34
-34
-33
-40
-37
-38
-46
-35
-29
-29
-41
-42
-35
-47
-38
-33
-35
-35
-33
-31
-35
-33
-40
-40
-40
-38
-35
-40
-34
-41
-36
-29
-44
-35
-31
-33
-37
-37
-27
-35
-65
-450
-1264
-2250
-3296
-4130
-4611
-4753
-4577
-4269
-4171
-4156
-4051
-3853
-3562
-3129
-2675
-2317
-2067
-1860
-1682
-1541
-1429
-1312
-1169
-1053
-976
-925
-874
-793
-721
-644
-553
-440
-313
-189
-15
41
45
40
51
44
46
47
44
46
43
50
47
44
43
42
43
42
45
50
48
38
33
42
41
46
41
46
43
39
48
45
34
42
41
44
45
41
42
46
48
51
40
45
40
41
37
38
37
35
43
45
41
49
43
39
39
46
36
