37
35
35
37
30
37
43
38
43
37
30
38
36
41
40
47
40
30
38
45
41
43
33
40
40
36
37
44
38
44
41
40
33
34
36
35
37
41
39
41
37
39
31
33
37
35
50
392
1184
2026
2879
3588
3996
4184
4198
3988
3806
3802
3791
3669
3428
3081
2735
2445
2241
2082
1916
1728
1550
1426
1318
1191
1076
966
889
838
780
723
666
615
558
500
410
307
165
5
-34
-40
-41
-41
-46
-39
-45
-48
-44
-38
-40
-40
-40
-35
-30
-35
-38
-45
-45
-48
-40
-33
-38
-37
-33
-41
-41
-41
-37
-39
-34
-38
-43
-38
-33
-34
-33
-44
-39
-35
-38
-37
-40
-39
-39
-36
-45
-44
-33
-38
-43
-41
-32
-35
-44
-37
-40
-39
-37
-37
-35
-44
-42
-41
-44
-41
-41
-34
-36
-35
-32
-37
-31
-34
-34
-34
-36
-35
-38
-31
-37
-35
-32
-35
-31
-34
-38
-33
-34
-30
-36
-31
-35
-34
-33
-45
-34
-38
-35
-35
-72
-469
-1282
-2163
-2985
-3618
-4034
-4226
-4205
-3991
-3856
-3814
-3690
-3573
-3424
-3209
-2828
-2441
-2185
-2025
-1871
-1683
-1519
-1406
-1270
-1142
-1020
-941
-885
-832
-786
-731
-674
-620
-559
-501
-414
-305
-161
-20
38
45
53
47
50
47
49
47
44
41
43
37
43
45
41
45
43
44
46
39
41
38
35
48
43
40
40
33
44
40
37
37
41
44
45
43
45
43
41
43
51
45
39
36
34
35
34
33
34
40
37
37
33
31
