38
40
34
39
37
41
44
44
39
48
36
40
38
39
49
41
37
43
46
45
43
45
44
42
41
40
43
43
45
41
40
45
53
44
44
51
44
40
39
36
41
45
41
44
37
42
182
805
1667
2515
3263
3809
4094
4176
4068
3829
3735
3720
3648
3518
3288
2912
2563
2356
2227
2091
1881
1661
1489
1363
1251
1130
1006
914
852
796
745
683
632
574
508
415
308
183
45
-29
-40
-43
-40
-38
-45
-44
-50
-41
-43
-43
-41
-33
-33
-45
-43
-41
-40
-35
-37
-34
-41
-46
-44
-41
-34
-41
-38
-40
-44
-33
-38
-38
-45
-43
-44
-43
-35
-34
-34
-39
-33
-37
-40
-29
-34
-33
-33
-38
-37
-42
-31
-32
-44
-35
-43
-34
-39
-31
-34
-37
-40
-35
-38
-38
-30
-33
-33
-29
-30
-33
-33
-34
-32
-34
-30
-33
-35
-36
-40
-36
-33
-33
-30
-38
-31
-38
-37
-40
-37
-28
-33
-28
-30
-36
-33
-36
-41
-30
-35
-54
-386
-1174
-2040
-2900
-3550
-3946
-4136
-4168
-3997
-3843
-3839
-3826
-3713
-3437
-3088
-2739
-2471
-2308
-2179
-1998
-1772
-1587
-1443
-1310
-1165
-1045
-965
-908
-851
-795
-744
-692
-631
-580
-523
-452
-350
-221
-83
20
41
48
47
58
47
41
51
53
47
51
40
42
52
44
44
38
50
47
45
50
44
43
47
49
35
45
54
51
54
39
42
44
45
52
50
47
49
49
51
47
45
48
43
44
52
40
37
37
44
45
37
50
45
36
