50
43
35
40
43
45
35
38
47
43
43
48
38
37
34
27
33
44
43
40
43
37
39
41
39
35
44
37
36
40
38
39
36
33
36
42
43
36
40
38
35
35
36
38
41
45
204
834
1705
2741
3697
4340
4643
4668
4383
4180
4190
4166
3997
3668
3234
2817
2496
2261
2047
1821
1626
1486
1384
1258
1125
1020
950
889
826
743
663
568
468
295
180
35
-30
-45
-33
-38
-41
-48
-47
-39
-44
-37
-44
-45
-46
-40
-45
-45
-35
-37
-43
-41
-38
-40
-47
-31
-34
-42
-38
-41
-39
-43
-36
-33
-36
-34
-47
-37
-40
-47
-38
-43
-35
-40
-38
-38
-38
-32
-38
-37
-37
-43
-39
-36
-40
-43
-37
-32
-37
-33
-31
-41
-35
-35
-30
-35
-36
-37
-40
-36
-53
-40
-37
-29
-33
-35
-32
-30
-31
-34
-35
-31
-28
-28
-39
-33
-30
-38
-34
-35
-36
-38
-35
-31
-33
-31
-30
-36
-35
-37
-33
-43
-30
-29
-35
-41
-290
-1013
-1977
-3051
-3979
-4551
-4777
-4661
-4301
-4098
-4115
-4093
-3907
-3583
-3148
-2725
-2409
-2192
-2012
-1802
-1616
-1480
-1358
-1207
-1076
-988
-924
-861
-797
-724
-631
-542
-428
-284
-170
-15
41
49
45
49
52
48
52
48
49
52
49
45
48
48
55
41
42
39
40
44
41
49
46
40
44
46
47
53
43
41
41
38
44
52
40
48
37
43
47
45
45
38
51
46
45
45
47
43
40
31
38
51
45
40
40
43
47
37
