35
45
48
44
39
50
33
39
40
32
45
36
34
44
33
35
34
43
33
27
50
48
38
31
33
35
40
41
37
38
45
37
33
34
30
38
40
37
46
37
34
39
39
37
35
34
69
443
1187
2075
2986
3728
4182
4401
4354
4116
4039
4096
4108
3992
3685
3212
2748
2426
2237
2049
1816
1627
1482
1336
1170
1041
951
891
831
769
716
652
584
507
421
298
147
8
-38
-45
-51
-46
-40
-43
-48
-47
-37
-43
-47
-41
-48
-44
-46
-45
-35
-48
-42
-44
-41
-40
-45
-41
-48
-37
-33
-44
-40
-40
-32
-37
-43
-37
-40
-37
-41
-36
-30
-34
-36
-32
-40
-33
-42
-38
-44
-28
-38
-44
-41
-41
-35
-45
-39
-40
-28
-36
-38
-33
-34
-39
-40
-43
-44
-47
-39
-41
-50
-40
-40
-36
-34
-35
-34
-43
-33
-33
-41
-38
-41
-37
-42
-28
-35
-29
-24
-44
-33
-43
-33
-34
-29
-32
-37
-37
-40
-36
-32
-38
-37
-38
-81
-463
-1197
-2082
-3026
-3768
-4220
-4407
-4357
-4089
-3968
-4024
-4032
-3959
-3774
-3371
-2861
-2480
-2206
-1970
-1733
-1548
-1405
-1267
-1121
-1001
-911
-845
-790
-744
-687
-627
-561
-478
-391
-272
-123
5
41
45
47
48
48
50
40
44
40
35
45
45
41
43
47
48
40
43
41
43
39
44
38
44
43
37
41
34
43
46
44
39
41
41
42
41
42
42
31
32
44
40
37
38
42
47
45
35
34
44
44
45
48
40
40
40
