43
36
38
34
32
30
39
45
38
43
43
34
40
37
35
37
35
42
48
37
45
43
49
46
34
34
33
31
37
37
35
38
35
38
41
37
41
35
35
43
34
33
35
37
37
31
41
232
924
1762
2589
3260
3709
3955
4080
4054
3879
3871
3952
3982
3903
3628
3166
2745
2443
2173
1852
1596
1451
1353
1252
1119
1008
927
855
799
740
686
624
562
501
410
283
119
-6
-40
-43
-47
-40
-40
-46
-43
-38
-37
-39
-34
-36
-35
-41
-43
-34
-36
-30
-37
-34
-31
-31
-39
-42
-38
-32
-33
-40
-40
-41
-42
-39
-35
-38
-31
-39
-40
-36
-41
-35
-33
-36
-41
-45
-33
-37
-33
-38
-44
-31
-36
-31
-36
-39
-32
-27
-24
-37
-40
-33
-34
-34
-36
-38
-32
-42
-34
-38
-33
-36
-35
-29
-31
-31
-35
-34
-30
-41
-35
-32
-33
-35
-27
-30
-33
-33
-32
-28
-30
-37
-32
-38
-35
-34
-45
-34
-30
-34
-25
-35
-31
-43
-262
-965
-1806
-2640
-3328
-3800
-4057
-4183
-4142
-3995
-4018
-4110
-4120
-3942
-3500
-2991
-2646
-2400
-2138
-1839
-1597
-1455
-1347
-1225
-1084
-994
-912
-855
-808
-746
-690
-628
-569
-515
-439
-336
-198
-50
34
43
44
50
40
45
51
53
50
45
44
43
44
41
45
44
45
47
44
50
49
42
48
45
39
41
41
39
40
47
51
41
39
40
40
48
44
44
45
46
45
38
43
41
31
43
37
35
44
47
45
45
38
37
47
