35
37
43
37
41
39
41
36
42
38
34
34
41
45
32
38
41
32
37
35
34
38
34
38
34
35
38
36
35
35
36
30
35
34
39
29
30
30
40
41
36
41
37
34
37
38
38
100
562
1360
2296
3262
3994
4409
4522
4368
4117
4087
4155
4120
4010
3749
3244
2725
2354
2069
1791
1550
1410
1305
1211
1081
981
909
852
802
746
692
628
563
489
407
291
97
-28
-43
-47
-46
-47
-50
-45
-49
-51
-43
-47
-35
-40
-40
-38
-40
-41
-45
-37
-48
-46
-40
-39
-34
-33
-44
-39
-43
-47
-47
-37
-37
-43
-38
-38
-31
-45
-38
-43
-44
-40
-45
-46
-41
-39
-32
-39
-41
-46
-39
-35
-37
-38
-37
-31
-38
-41
-40
-40
-33
-47
-37
-35
-41
-43
-44
-43
-41
-38
-41
-35
-37
-41
-40
-37
-35
-30
-38
-40
-41
-36
-30
-37
-37
-40
-31
-31
-38
-37
-40
-37
-35
-32
-34
-33
-32
-40
-37
-38
-43
-34
-35
-25
-190
-796
-1644
-2611
-3523
-4155
-4498
-4532
-4304
-4110
-4154
-4227
-4192
-3938
-3478
-2988
-2589
-2323
-2062
-1798
-1597
-1446
-1297
-1139
-1023
-938
-888
-825
-778
-716
-657
-588
-516
-444
-345
-216
-47
32
42
39
48
41
37
49
46
35
41
39
44
40
40
43
35
40
41
37
39
35
40
41
38
48
35
37
41
40
41
47
38
38
33
30
34
43
41
33
47
38
40
41
41
31
43
40
38
43
34
43
43
37
41
36
34
