43
46
45
46
31
47
41
38
42
47
37
41
42
46
41
38
35
43
51
45
39
47
47
37
47
33
37
44
41
52
38
49
41
45
44
45
39
40
48
45
41
34
34
43
40
42
53
51
157
762
1644
2556
3369
3928
4236
4337
4218
3991
3971
4011
3923
3660
3307
2943
2647
2459
2302
2083
1817
1611
1464
1317
1151
1021
934
865
812
750
699
647
585
506
403
266
96
-9
-40
-34
-40
-34
-41
-36
-43
-42
-33
-39
-38
-34
-38
-37
-42
-44
-38
-34
-41
-37
-38
-38
-39
-43
-34
-39
-39
-34
-36
-40
-35
-43
-40
-33
-33
-33
-38
-40
-37
-34
-37
-45
-37
-40
-33
-34
-33
-30
-30
-33
-43
-31
-35
-34
-38
-37
-25
-32
-34
-29
-41
-30
-36
-33
-31
-36
-34
-36
-22
-34
-34
-27
-35
-30
-33
-38
-35
-34
-31
-36
-34
-33
-38
-31
-41
-30
-30
-34
-32
-31
-28
-34
-30
-33
-39
-37
-28
-33
-34
-33
-30
-39
-220
-925
-1828
-2760
-3555
-4071
-4318
-4374
-4194
-3999
-4005
-4025
-3936
-3730
-3346
-2903
-2571
-2351
-2152
-1916
-1695
-1527
-1400
-1259
-1114
-1001
-918
-866
-815
-759
-702
-642
-575
-498
-400
-256
-99
19
55
48
48
41
43
55
53
47
50
42
49
48
44
47
51
45
51
50
45
45
48
41
44
47
48
32
40
43
49
47
45
48
41
43
42
48
48
46
41
34
43
49
47
52
43
42
43
41
44
43
43
40
43
45
