33
32
36
38
34
36
31
40
37
30
38
35
38
32
27
34
31
37
37
34
37
45
38
33
28
33
34
30
37
36
34
38
35
26
36
34
30
30
31
34
27
37
30
28
38
35
34
114
629
1419
2263
3043
3600
3926
4094
4117
3929
3817
3851
3835
3703
3509
3266
2904
2534
2272
2082
1891
1687
1542
1421
1311
1180
1052
970
904
855
796
739
678
616
547
479
379
230
69
-35
-46
-44
-47
-53
-48
-39
-49
-45
-40
-45
-45
-53
-50
-46
-50
-43
-40
-47
-46
-49
-47
-43
-37
-47
-42
-43
-41
-47
-51
-38
-41
-41
-45
-40
-42
-46
-40
-37
-40
-41
-45
-48
-52
-43
-45
-51
-42
-44
-43
-40
-43
-37
-44
-39
-45
-41
-47
-38
-36
-44
-41
-39
-37
-41
-44
-44
-44
-40
-35
-39
-38
-40
-45
-54
-36
-44
-42
-37
-40
-38
-41
-34
-39
-52
-39
-38
-33
-35
-37
-37
-43
-43
-44
-41
-42
-41
-40
-47
-40
-38
-103
-587
-1387
-2227
-3025
-3615
-3970
-4142
-4150
-3939
-3750
-3773
-3804
-3731
-3501
-3137
-2762
-2491
-2324
-2171
-1969
-1761
-1575
-1445
-1321
-1181
-1066
-959
-899
-842
-781
-725
-665
-588
-521
-438
-322
-182
-27
28
38
39
34
43
39
38
34
40
43
42
39
40
39
40
41
37
41
43
39
41
42
34
40
37
38
42
37
41
42
45
41
36
48
40
30
33
44
29
30
31
34
38
38
41
30
40
40
40
42
34
40
37
34
