35
37
40
34
35
34
43
45
43
39
35
42
39
33
44
44
35
39
37
37
35
37
33
35
39
41
34
35
37
35
35
37
36
38
35
44
46
26
30
28
28
33
41
35
38
34
44
266
1018
1928
2819
3559
4022
4261
4304
4119
3924
3909
3906
3811
3547
3142
2738
2474
2333
2208
2024
1774
1566
1424
1306
1166
1049
970
901
854
796
740
671
614
551
475
357
216
74
-29
-39
-48
-42
-38
-41
-43
-49
-41
-45
-45
-37
-40
-41
-50
-39
-45
-44
-41
-41
-29
-43
-40
-41
-43
-33
-33
-35
-31
-37
-43
-52
-37
-47
-41
-33
-36
-35
-54
-47
-41
-44
-38
-34
-30
-37
-35
-36
-37
-38
-43
-38
-36
-39
-35
-43
-40
-36
-37
-36
-38
-35
-36
-32
-31
-36
-31
-36
-37
-43
-35
-38
-40
-32
-36
-40
-38
-34
-36
-34
-38
-40
-47
-38
-41
-30
-37
-29
-38
-43
-35
-37
-36
-38
-38
-36
-41
-42
-33
-39
-41
-58
-345
-1111
-2015
-2897
-3589
-3993
-4211
-4255
-4067
-3869
-3857
-3862
-3753
-3491
-3158
-2830
-2549
-2359
-2210
-2022
-1791
-1584
-1422
-1285
-1152
-1033
-947
-888
-842
-785
-723
-659
-592
-529
-453
-320
-170
-34
28
44
41
44
39
41
41
40
34
43
43
45
48
45
37
44
41
40
43
41
43
43
41
45
41
43
42
38
38
40
45
46
38
41
40
39
39
43
43
39
37
45
40
31
43
34
44
41
41
35
40
38
42
41
43
