37
47
36
41
35
34
40
43
37
35
37
40
31
39
34
40
39
42
40
41
40
43
36
34
36
37
43
44
41
37
35
35
34
36
33
31
36
39
37
41
47
34
40
37
37
34
126
687
1537
2398
3153
3709
4025
4153
4105
3903
3826
3849
3791
3616
3334
2971
2639
2386
2200
2023
1823
1628
1475
1369
1265
1151
1032
956
889
836
781
733
671
612
548
476
380
254
112
-8
-35
-37
-41
-42
-44
-45
-42
-43
-48
-41
-41
-43
-41
-49
-47
-48
-45
-38
-40
-31
-34
-48
-37
-39
-36
-41
-39
-47
-37
-36
-45
-44
-42
-41
-38
-45
-34
-43
-47
-49
-41
-37
-33
-33
-44
-45
-38
-42
-41
-43
-36
-40
-41
-34
-33
-38
-48
-42
-36
-36
-33
-38
-35
-38
-35
-34
-35
-30
-34
-38
-33
-38
-37
-39
-37
-41
-37
-33
-40
-35
-31
-43
-38
-40
-34
-31
-36
-32
-31
-34
-33
-32
-38
-43
-31
-35
-38
-40
-33
-37
-175
-787
-1639
-2499
-3256
-3774
-4060
-4166
-4090
-3872
-3808
-3829
-3748
-3564
-3326
-3018
-2665
-2375
-2180
-2000
-1788
-1602
-1462
-1341
-1231
-1100
-997
-927
-868
-804
-750
-698
-644
-573
-525
-445
-349
-231
-98
12
46
47
39
54
45
54
38
45
44
43
53
47
41
45
48
44
49
39
44
41
33
40
30
40
47
41
37
41
46
46
47
45
46
37
41
46
40
39
26
43
43
40
39
36
42
42
41
37
30
39
45
39
39
37
