50
45
34
47
44
44
47
39
43
44
42
53
43
45
43
38
44
40
40
39
44
37
37
40
45
39
46
46
44
45
44
42
44
43
44
40
40
40
43
37
47
35
46
43
38
43
54
336
1076
1943
2812
3513
3944
4160
4232
4073
3893
3875
3883
3790
3599
3257
2841
2499
2288
2121
1940
1736
1555
1430
1319
1203
1072
967
886
830
773
709
648
585
516
426
293
133
-4
-37
-38
-37
-41
-36
-43
-34
-39
-37
-42
-39
-41
-38
-35
-41
-34
-37
-38
-28
-38
-26
-32
-38
-40
-37
-33
-39
-28
-34
-31
-26
-35
-31
-40
-39
-37
-40
-38
-42
-31
-31
-32
-43
-34
-39
-35
-45
-35
-40
-47
-37
-34
-30
-34
-30
-37
-38
-33
-34
-30
-35
-30
-36
-36
-33
-39
-24
-28
-31
-28
-34
-41
-38
-32
-34
-34
-33
-38
-30
-31
-32
-28
-36
-30
-37
-25
-30
-36
-31
-27
-25
-34
-29
-31
-35
-25
-36
-32
-28
-29
-31
-78
-514
-1379
-2282
-3143
-3781
-4121
-4256
-4198
-3956
-3832
-3866
-3877
-3799
-3636
-3299
-2834
-2468
-2243
-2076
-1874
-1687
-1522
-1395
-1254
-1109
-1010
-945
-891
-833
-785
-722
-663
-608
-543
-467
-376
-251
-104
20
47
54
46
50
50
47
44
54
48
50
49
43
50
52
48
47
50
47
54
51
50
53
43
45
51
41
47
43
40
47
52
56
50
43
46
38
44
48
40
41
37
44
49
47
43
44
44
48
40
42
48
44
47
41
