34
39
44
38
48
38
41
41
43
44
41
38
35
37
40
35
33
47
42
44
43
37
42
42
35
33
36
33
37
35
39
40
35
34
31
35
30
39
35
33
43
40
34
37
28
39
37
41
182
805
1694
2630
3411
3911
4165
4254
4163
3972
3970
4098
4130
3959
3566
3115
2711
2412
2181
1945
1716
1533
1387
1244
1091
978
911
843
795
744
674
618
547
465
352
192
24
-29
-38
-38
-41
-35
-40
-43
-48
-48
-38
-35
-33
-35
-38
-37
-40
-44
-42
-42
-32
-35
-30
-38
-38
-30
-33
-37
-31
-33
-30
-41
-32
-45
-34
-37
-38
-32
-38
-37
-44
-38
-37
-34
-33
-46
-33
-29
-36
-34
-35
-35
-41
-34
-28
-38
-31
-34
-34
-29
-42
-30
-33
-38
-39
-40
-39
-41
-34
-38
-27
-34
-38
-34
-37
-32
-26
-33
-30
-34
-30
-33
-37
-33
-34
-36
-43
-43
-37
-35
-31
-32
-35
-38
-35
-34
-36
-26
-33
-42
-38
-43
-36
-50
-365
-1136
-2018
-2930
-3644
-4093
-4320
-4352
-4171
-4046
-4113
-4192
-4116
-3925
-3576
-3068
-2571
-2209
-1949
-1731
-1562
-1420
-1291
-1139
-1012
-940
-885
-830
-786
-738
-680
-612
-552
-487
-386
-233
-74
27
47
49
52
45
52
50
40
46
44
51
47
48
52
44
44
49
44
43
41
42
44
43
35
47
53
39
46
48
48
49
47
49
37
45
36
31
40
38
41
46
43
42
37
38
38
43
41
45
41
44
44
38
42
35
