35
35
34
38
37
26
31
41
38
44
34
30
40
33
35
28
36
31
33
33
34
37
34
45
39
33
34
34
34
37
37
30
32
28
30
29
34
38
36
34
30
35
31
37
29
30
36
203
846
1736
2702
3563
4134
4403
4404
4198
4014
4033
4065
3998
3777
3327
2829
2493
2305
2144
1923
1692
1531
1390
1240
1094
981
908
843
790
729
669
607
531
452
350
208
56
-30
-50
-41
-51
-49
-47
-55
-43
-43
-48
-43
-47
-45
-46
-37
-37
-42
-44
-50
-41
-34
-34
-37
-50
-44
-51
-43
-45
-47
-47
-52
-46
-48
-41
-34
-41
-38
-45
-41
-43
-41
-47
-45
-42
-50
-47
-46
-46
-41
-47
-43
-47
-44
-44
-44
-41
-40
-40
-38
-43
-40
-49
-36
-37
-40
-43
-40
-47
-48
-43
-42
-40
-42
-40
-38
-44
-41
-45
-43
-35
-44
-45
-43
-40
-47
-49
-34
-43
-42
-45
-41
-36
-35
-34
-41
-38
-39
-40
-43
-40
-36
-37
-57
-355
-1079
-1980
-2929
-3722
-4225
-4449
-4396
-4135
-3996
-4037
-4035
-3950
-3803
-3465
-2972
-2522
-2205
-1949
-1725
-1551
-1434
-1291
-1139
-1011
-921
-860
-811
-756
-701
-635
-572
-502
-414
-295
-143
-8
38
47
45
40
38
38
32
45
43
38
40
37
38
41
34
41
33
38
40
37
47
37
28
44
39
43
41
40
39
41
42
41
35
39
41
37
39
40
37
35
32
40
40
38
36
37
38
37
31
41
41
35
33
35
38
41
