37
41
38
43
45
45
38
36
35
42
47
35
31
42
36
37
37
43
38
33
40
45
42
43
39
36
35
42
42
40
34
40
40
38
44
37
43
41
38
46
45
36
49
43
35
66
427
1223
2114
2991
3684
4132
4384
4449
4246
4098
4050
3926
3716
3378
2983
2643
2414
2287
2172
1990
1763
1583
1472
1373
1283
1163
1045
935
870
809
733
652
562
476
314
177
17
-32
-39
-53
-38
-45
-44
-53
-47
-41
-45
-40
-43
-36
-41
-40
-38
-38
-37
-44
-41
-40
-39
-44
-43
-39
-34
-36
-39
-53
-40
-38
-40
-43
-38
-33
-35
-44
-44
-34
-33
-40
-38
-41
-39
-38
-41
-35
-42
-35
-32
-44
-43
-42
-35
-39
-40
-39
-40
-34
-38
-38
-37
-34
-32
-41
-40
-37
-36
-30
-37
-32
-38
-36
-31
-40
-41
-39
-31
-31
-33
-30
-25
-32
-30
-31
-35
-41
-37
-37
-28
-26
-30
-34
-40
-34
-33
-36
-38
-45
-37
-41
-35
-55
-369
-1138
-2020
-2929
-3671
-4126
-4357
-4415
-4231
-4085
-4048
-3974
-3720
-3363
-3057
-2802
-2557
-2366
-2183
-1980
-1752
-1575
-1455
-1353
-1258
-1152
-1037
-935
-864
-803
-724
-647
-563
-476
-309
-170
-22
33
34
51
51
40
43
45
43
44
44
42
44
43
46
45
48
48
47
43
47
43
42
41
40
48
45
37
45
51
47
40
41
45
38
41
49
41
44
43
38
39
44
45
38
37
43
34
45
42
35
47
41
38
38
37
36
38
