36
37
31
35
32
34
32
30
31
27
38
33
33
40
41
32
32
34
28
36
34
33
24
34
39
34
44
40
35
39
25
35
35
37
34
36
33
34
28
29
34
31
37
37
35
31
31
35
109
651
1534
2465
3292
3848
4129
4236
4163
3952
3883
3909
3876
3659
3262
2868
2585
2434
2343
2194
1960
1715
1544
1412
1274
1133
1026
957
894
835
773
709
642
582
514
435
311
155
14
-45
-47
-55
-50
-49
-54
-37
-46
-50
-50
-48
-50
-57
-48
-49
-51
-53
-44
-45
-48
-36
-40
-48
-37
-49
-44
-53
-41
-50
-55
-56
-45
-46
-50
-43
-41
-46
-44
-48
-45
-47
-45
-47
-48
-50
-49
-46
-41
-39
-40
-44
-38
-51
-42
-43
-43
-41
-38
-39
-37
-40
-35
-41
-36
-55
-48
-42
-44
-39
-43
-41
-38
-41
-41
-49
-42
-41
-40
-39
-43
-35
-35
-41
-35
-43
-38
-43
-42
-45
-40
-44
-53
-36
-35
-40
-43
-40
-47
-44
-40
-35
-135
-720
-1579
-2436
-3230
-3794
-4101
-4224
-4164
-3939
-3854
-3869
-3815
-3660
-3377
-3035
-2688
-2427
-2243
-2055
-1844
-1626
-1459
-1347
-1228
-1107
-1002
-923
-859
-804
-760
-698
-631
-555
-489
-375
-229
-66
17
38
37
40
40
32
34
40
40
44
38
38
35
34
39
41
33
43
43
43
38
40
35
36
43
32
29
37
41
27
37
37
37
36
34
28
35
39
39
38
37
37
25
30
31
30
35
37
34
27
28
33
43
34
