38
43
35
37
31
33
38
37
33
37
35
42
31
33
35
22
40
34
32
39
33
35
31
30
26
26
35
31
34
40
32
33
34
25
31
37
37
40
34
43
35
36
37
35
31
41
44
331
1143
2033
2895
3591
4034
4275
4315
4124
3958
3958
3932
3763
3405
3005
2670
2470
2356
2227
2025
1775
1562
1427
1301
1172
1060
964
892
839
786
724
664
609
549
475
377
228
68
-24
-40
-53
-51
-49
-38
-46
-48
-49
-46
-43
-43
-41
-46
-47
-46
-44
-36
-44
-43
-45
-42
-48
-48
-43
-41
-48
-47
-46
-41
-45
-44
-43
-44
-35
-44
-40
-46
-48
-49
-41
-45
-50
-40
-45
-40
-37
-47
-40
-43
-35
-35
-42
-35
-44
-43
-43
-41
-40
-45
-38
-39
-36
-41
-42
-40
-44
-33
-33
-37
-40
-39
-46
-47
-44
-39
-44
-37
-39
-38
-39
-29
-40
-50
-35
-34
-40
-40
-40
-43
-43
-38
-43
-41
-35
-36
-34
-41
-42
-39
-43
-58
-398
-1200
-2096
-2968
-3671
-4087
-4274
-4288
-4078
-3924
-3929
-3900
-3708
-3382
-3081
-2795
-2551
-2366
-2165
-1924
-1685
-1513
-1377
-1272
-1151
-1040
-949
-882
-832
-772
-721
-660
-610
-544
-476
-370
-238
-71
31
44
34
44
43
45
42
33
45
48
34
40
42
44
44
43
38
38
42
44
42
38
40
45
51
40
37
34
37
36
45
39
44
35
43
40
37
34
38
37
42
42
35
40
39
44
38
29
35
34
39
34
37
37
42
