44
33
34
35
45
47
47
45
49
44
32
50
38
47
42
49
47
41
43
45
41
35
41
43
47
45
47
42
40
42
35
40
42
38
44
47
45
43
35
42
37
37
41
37
39
41
44
156
742
1604
2489
3269
3823
4180
4363
4335
4129
4049
4015
3855
3622
3378
3119
2798
2459
2196
1978
1746
1559
1435
1341
1266
1181
1080
965
881
806
726
640
581
479
354
232
45
-25
-35
-45
-39
-37
-43
-37
-41
-41
-42
-34
-38
-43
-34
-38
-34
-37
-33
-36
-38
-33
-33
-38
-38
-40
-36
-39
-25
-30
-30
-32
-37
-34
-43
-38
-45
-45
-33
-30
-34
-43
-38
-39
-39
-33
-37
-31
-30
-30
-32
-39
-27
-33
-33
-33
-44
-38
-34
-36
-31
-40
-26
-37
-34
-30
-31
-31
-39
-29
-27
-31
-23
-40
-31
-36
-35
-31
-35
-30
-35
-34
-31
-35
-39
-39
-31
-33
-30
-29
-35
-32
-27
-26
-32
-33
-24
-33
-37
-36
-25
-30
-33
-32
-212
-898
-1769
-2704
-3535
-4108
-4418
-4536
-4390
-4187
-4142
-4072
-3869
-3535
-3087
-2730
-2514
-2380
-2247
-2063
-1825
-1621
-1488
-1379
-1278
-1150
-1037
-952
-881
-804
-747
-673
-608
-515
-437
-330
-157
-12
39
54
51
55
53
50
54
47
51
56
48
58
51
49
47
44
48
44
36
47
48
42
43
46
52
47
51
51
42
40
49
50
50
45
50
50
41
48
44
43
51
48
43
40
41
48
48
41
40
41
49
48
44
46
50
