45
36
40
40
45
38
39
38
43
40
41
31
35
35
35
37
38
35
41
40
38
35
34
36
38
38
40
41
42
40
37
37
40
37
37
36
40
41
44
37
32
35
40
36
34
31
51
358
1116
1950
2799
3484
3933
4162
4200
4019
3826
3801
3799
3695
3472
3136
2790
2517
2305
2116
1928
1713
1529
1399
1308
1188
1069
970
897
845
794
744
690
630
571
508
411
307
175
35
-41
-47
-35
-38
-45
-47
-41
-42
-51
-43
-39
-40
-41
-46
-47
-43
-37
-39
-45
-50
-42
-41
-47
-40
-33
-43
-44
-44
-46
-43
-40
-44
-38
-33
-35
-41
-45
-41
-38
-43
-43
-40
-41
-34
-45
-43
-37
-37
-45
-47
-41
-41
-39
-45
-41
-42
-42
-28
-37
-44
-44
-32
-37
-43
-41
-34
-45
-34
-35
-34
-46
-41
-38
-34
-34
-37
-35
-41
-40
-35
-41
-37
-33
-30
-41
-43
-37
-37
-27
-31
-37
-33
-41
-40
-44
-29
-30
-35
-33
-43
-94
-589
-1432
-2301
-3109
-3691
-4045
-4227
-4191
-3956
-3842
-3831
-3688
-3484
-3313
-3104
-2764
-2413
-2174
-2029
-1855
-1669
-1511
-1386
-1269
-1136
-1026
-945
-885
-837
-776
-728
-682
-621
-569
-505
-437
-332
-209
-59
27
43
38
46
47
37
41
45
47
48
43
44
46
47
40
37
44
41
41
48
45
42
51
40
47
45
41
48
35
37
34
31
44
42
34
45
35
37
37
45
38
41
47
49
40
45
40
36
36
40
50
50
37
37
