36
45
41
43
33
35
40
32
30
33
43
44
36
38
35
40
38
42
40
41
41
43
36
38
40
36
41
41
35
35
43
31
38
37
40
45
41
37
34
33
38
36
40
38
30
42
48
254
995
1914
2815
3560
4042
4285
4330
4137
3954
3979
4003
3901
3662
3274
2844
2525
2326
2147
1928
1695
1523
1405
1276
1139
1017
935
865
818
770
704
640
581
525
449
341
177
12
-34
-40
-44
-44
-42
-38
-43
-45
-46
-38
-51
-48
-44
-47
-41
-41
-35
-38
-41
-40
-49
-37
-39
-43
-40
-43
-40
-43
-44
-43
-45
-41
-43
-39
-43
-43
-45
-35
-44
-39
-34
-38
-38
-37
-42
-35
-28
-38
-40
-49
-41
-43
-42
-34
-35
-33
-37
-36
-42
-44
-44
-37
-35
-41
-41
-31
-33
-32
-37
-37
-37
-36
-34
-41
-31
-33
-35
-33
-41
-43
-38
-31
-32
-43
-33
-31
-31
-34
-34
-34
-34
-34
-41
-38
-28
-34
-34
-37
-34
-41
-33
-37
-215
-897
-1823
-2745
-3517
-3995
-4250
-4322
-4161
-3972
-3989
-4031
-3949
-3767
-3509
-3088
-2653
-2312
-2038
-1806
-1620
-1488
-1368
-1251
-1120
-1006
-918
-859
-805
-759
-704
-634
-574
-509
-429
-303
-146
-2
42
48
53
45
48
43
51
41
40
48
42
34
43
47
39
40
38
41
43
43
45
41
46
43
45
47
41
38
43
34
40
45
38
42
41
41
43
40
39
44
41
52
41
41
45
48
42
39
38
51
45
45
40
42
43
