37
34
34
33
34
32
38
37
41
35
41
36
30
30
30
31
33
39
35
41
32
25
35
32
31
37
37
39
34
35
31
32
38
31
31
36
27
31
33
36
29
36
36
35
22
36
37
67
447
1268
2154
2993
3615
3968
4137
4173
4037
3921
3949
3981
3889
3664
3286
2893
2567
2310
2086
1843
1638
1493
1389
1258
1122
1017
937
876
828
766
709
648
584
509
425
304
153
10
-37
-43
-45
-54
-46
-43
-49
-38
-48
-44
-47
-45
-47
-46
-45
-44
-44
-45
-43
-41
-48
-46
-54
-42
-47
-42
-39
-48
-40
-43
-41
-45
-45
-41
-46
-46
-50
-43
-37
-38
-37
-38
-37
-41
-47
-38
-46
-49
-52
-50
-39
-41
-40
-46
-45
-43
-35
-40
-46
-43
-48
-53
-39
-33
-37
-44
-42
-39
-44
-40
-47
-44
-43
-45
-43
-46
-41
-44
-40
-47
-43
-38
-46
-33
-48
-41
-36
-35
-41
-44
-35
-37
-35
-43
-35
-41
-43
-40
-37
-35
-31
-70
-488
-1307
-2179
-3019
-3655
-4025
-4187
-4200
-4032
-3897
-3915
-3902
-3782
-3590
-3290
-2905
-2556
-2258
-2017
-1778
-1591
-1455
-1343
-1241
-1110
-1004
-922
-855
-809
-759
-705
-640
-566
-492
-403
-265
-112
9
37
41
39
35
47
46
36
33
38
45
42
35
33
40
35
39
41
40
39
34
44
45
49
37
41
47
33
38
44
43
41
40
41
40
41
44
37
35
43
33
37
39
29
40
38
33
35
37
38
40
35
38
30
31
