44
40
38
41
37
38
44
40
30
41
38
41
43
38
41
36
39
37
34
34
43
33
37
37
40
43
45
38
34
39
37
33
48
41
36
39
47
36
32
38
44
39
37
43
41
44
38
48
290
1064
1982
2864
3580
4014
4248
4317
4143
3973
3980
3992
3892
3714
3415
2974
2566
2310
2108
1896
1671
1506
1381
1235
1091
978
912
853
807
755
688
625
558
482
376
231
68
-29
-37
-34
-38
-44
-36
-48
-43
-43
-40
-43
-46
-35
-48
-38
-42
-38
-31
-41
-38
-38
-34
-33
-32
-36
-44
-37
-35
-40
-35
-41
-34
-43
-37
-35
-37
-40
-40
-38
-40
-39
-43
-48
-37
-35
-33
-34
-41
-35
-37
-30
-34
-34
-30
-35
-36
-39
-32
-34
-39
-39
-35
-33
-41
-31
-37
-35
-33
-31
-28
-35
-40
-38
-39
-39
-34
-35
-33
-40
-33
-36
-37
-40
-43
-25
-30
-35
-33
-38
-33
-27
-33
-38
-38
-34
-33
-30
-35
-36
-31
-32
-27
-46
-340
-1133
-2032
-2940
-3659
-4087
-4301
-4323
-4138
-3998
-4034
-4041
-3930
-3707
-3356
-2935
-2561
-2285
-2053
-1832
-1653
-1509
-1376
-1219
-1068
-966
-894
-836
-788
-738
-680
-615
-549
-476
-380
-243
-79
25
43
46
50
51
50
50
49
41
45
47
47
47
47
44
47
40
47
39
45
47
50
48
51
46
48
38
37
45
45
35
44
42
40
36
33
31
35
40
42
38
45
40
39
38
34
44
40
50
44
36
38
35
33
42
