35
39
43
38
38
33
40
49
40
44
36
37
41
45
44
34
37
32
31
38
35
40
40
40
35
38
43
42
44
36
38
30
42
33
35
39
39
38
44
42
37
34
33
29
28
44
83
478
1231
2134
3067
3788
4227
4403
4344
4101
4010
4060
4055
3937
3681
3265
2854
2521
2253
1990
1740
1564
1431
1285
1136
1010
925
855
803
747
693
623
549
462
370
229
73
-33
-51
-45
-43
-43
-31
-41
-45
-35
-47
-43
-35
-38
-37
-44
-35
-41
-31
-41
-42
-37
-45
-42
-45
-38
-44
-44
-38
-47
-39
-39
-37
-35
-43
-36
-41
-42
-36
-43
-43
-44
-38
-37
-44
-39
-30
-36
-45
-45
-46
-36
-30
-44
-33
-34
-37
-36
-35
-35
-39
-36
-41
-40
-33
-28
-35
-43
-38
-40
-37
-33
-37
-35
-37
-43
-42
-40
-32
-41
-34
-34
-34
-34
-35
-32
-37
-42
-37
-43
-39
-41
-34
-27
-37
-35
-37
-33
-28
-34
-31
-30
-34
-33
-142
-681
-1532
-2486
-3369
-4007
-4348
-4452
-4294
-4057
-4060
-4137
-4094
-3930
-3599
-3099
-2665
-2368
-2122
-1884
-1672
-1522
-1389
-1224
-1080
-980
-921
-866
-805
-747
-694
-630
-564
-486
-412
-291
-127
4
48
43
41
48
42
44
39
41
50
42
48
48
41
42
49
43
40
45
39
37
38
41
43
42
45
39
50
50
46
41
43
38
43
37
45
37
34
43
38
37
41
38
44
38
35
41
33
40
38
37
40
43
42
43
41
43
