35
37
44
40
42
43
41
42
37
44
40
37
41
40
41
36
33
41
34
33
43
38
34
34
37
45
31
33
44
38
37
44
41
37
29
31
36
34
35
34
33
30
30
37
39
142
768
1730
2760
3666
4273
4591
4621
4384
4216
4229
4212
4055
3744
3312
2872
2536
2281
2053
1824
1641
1440
1247
1082
976
877
850
807
760
717
681
639
582
525
458
358
216
58
-37
-45
-50
-48
-40
-41
-44
-49
-41
-40
-48
-40
-41
-37
-47
-41
-38
-40
-40
-40
-40
-40
-50
-40
-48
-42
-41
-40
-40
-43
-35
-35
-47
-43
-37
-36
-48
-35
-40
-43
-37
-41
-43
-40
-40
-40
-42
-38
-35
-27
-34
-41
-38
-43
-37
-41
-35
-35
-38
-38
-47
-41
-38
-36
-29
-29
-31
-40
-40
-31
-37
-35
-35
-50
-45
-39
-30
-44
-33
-39
-35
-47
-36
-38
-31
-37
-33
-40
-29
-32
-37
-34
-35
-38
-40
-35
-39
-41
-37
-36
-33
-50
-343
-1160
-2161
-3156
-3930
-4411
-4638
-4614
-4383
-4309
-4325
-4230
-3955
-3461
-2967
-2625
-2405
-2215
-1999
-1781
-1597
-1382
-1190
-1042
-946
-864
-838
-799
-749
-710
-671
-621
-572
-528
-455
-352
-206
-45
32
43
42
47
39
49
50
44
44
44
48
50
46
42
45
43
44
44
37
38
47
38
47
44
50
42
33
37
35
40
44
30
35
41
40
38
38
40
43
32
41
48
45
44
43
45
35
35
35
34
38
35
34
35
41
33
38
