38
34
35
41
37
45
46
41
44
42
50
39
41
38
32
40
36
38
45
44
49
43
37
45
43
41
39
34
38
39
44
34
35
43
40
38
45
38
49
41
45
45
40
44
34
37
35
52
338
1082
1931
2768
3447
3861
4096
4186
4072
3898
3872
3885
3822
3648
3316
2919
2579
2359
2179
1973
1732
1534
1405
1303
1201
1074
973
905
860
812
747
686
632
559
479
381
263
128
5
-34
-42
-40
-47
-48
-42
-37
-33
-38
-43
-36
-40
-40
-43
-40
-37
-40
-45
-47
-33
-45
-41
-35
-33
-34
-41
-35
-33
-38
-33
-38
-41
-28
-33
-41
-44
-44
-47
-37
-31
-27
-39
-37
-37
-40
-41
-34
-40
-37
-40
-35
-42
-35
-34
-36
-32
-41
-38
-28
-36
-34
-34
-29
-43
-39
-28
-32
-31
-33
-33
-32
-33
-38
-40
-37
-35
-40
-21
-30
-37
-34
-32
-37
-35
-31
-31
-36
-35
-34
-31
-35
-31
-35
-42
-31
-31
-37
-33
-34
-34
-66
-395
-1195
-2079
-2917
-3576
-3966
-4176
-4224
-4060
-3897
-3899
-3901
-3815
-3636
-3341
-2923
-2535
-2283
-2094
-1878
-1665
-1498
-1393
-1285
-1153
-1043
-963
-897
-852
-790
-737
-677
-622
-560
-480
-397
-285
-144
-19
40
43
47
49
53
54
47
49
53
48
50
38
43
48
44
47
51
57
42
46
43
44
47
43
44
41
43
41
41
50
47
46
47
38
40
44
50
45
38
43
36
45
48
44
37
38
34
41
41
45
48
42
44
