40
44
40
41
52
40
45
41
35
43
40
35
47
41
45
40
36
38
38
33
45
40
46
42
32
40
40
37
43
43
48
44
37
34
37
37
38
35
41
44
35
34
42
38
43
38
102
576
1432
2416
3438
4212
4622
4740
4527
4249
4199
4187
4068
3773
3294
2844
2544
2360
2200
1969
1721
1554
1441
1320
1174
1050
970
912
862
796
711
620
521
377
196
96
-14
-45
-44
-42
-33
-48
-51
-40
-44
-37
-45
-41
-47
-40
-37
-38
-40
-41
-35
-35
-35
-38
-40
-44
-33
-38
-35
-51
-37
-42
-37
-28
-36
-25
-40
-46
-35
-41
-28
-39
-34
-43
-41
-37
-44
-37
-40
-34
-34
-38
-38
-40
-35
-31
-35
-37
-40
-36
-41
-40
-37
-45
-38
-40
-35
-28
-31
-31
-32
-34
-43
-39
-41
-35
-34
-28
-35
-38
-38
-33
-41
-36
-34
-32
-37
-41
-30
-32
-30
-35
-33
-22
-34
-29
-27
-25
-20
-32
-34
-33
-27
-34
-36
-33
-96
-591
-1448
-2430
-3434
-4223
-4659
-4774
-4523
-4210
-4134
-4140
-4037
-3817
-3541
-3107
-2654
-2331
-2114
-1885
-1657
-1492
-1379
-1262
-1131
-1022
-945
-894
-849
-770
-675
-584
-483
-308
-153
-81
21
48
50
49
47
49
41
43
47
42
38
52
49
43
44
43
47
48
47
43
46
46
48
47
48
40
31
41
39
44
43
43
40
45
50
43
38
41
41
40
40
40
44
49
40
43
48
50
41
46
51
44
37
39
44
42
47
41
