40
40
39
43
38
40
44
38
41
40
38
44
33
40
43
35
36
40
40
37
34
41
44
37
44
48
40
43
37
34
30
31
39
39
39
33
28
37
35
35
41
44
35
33
36
133
669
1502
2408
3271
3880
4252
4431
4387
4180
4102
4064
3913
3636
3210
2801
2536
2365
2254
2119
1916
1698
1527
1422
1336
1238
1129
1003
914
839
753
686
608
527
397
298
153
0
-48
-37
-41
-41
-44
-46
-36
-43
-41
-43
-45
-48
-38
-44
-41
-40
-42
-41
-47
-38
-31
-43
-41
-45
-36
-34
-40
-33
-38
-37
-37
-48
-40
-48
-34
-44
-44
-43
-48
-38
-42
-43
-41
-41
-36
-38
-37
-41
-44
-42
-41
-33
-36
-40
-37
-38
-35
-45
-41
-40
-40
-43
-38
-31
-34
-43
-40
-35
-38
-40
-34
-41
-35
-34
-39
-41
-34
-31
-34
-38
-33
-38
-41
-38
-35
-36
-40
-34
-32
-40
-37
-37
-37
-40
-31
-39
-38
-31
-32
-36
-40
-44
-198
-849
-1703
-2551
-3309
-3876
-4230
-4392
-4319
-4124
-4074
-4042
-3897
-3647
-3357
-2999
-2624
-2352
-2165
-1995
-1804
-1630
-1509
-1407
-1311
-1193
-1066
-963
-895
-834
-759
-685
-609
-525
-393
-290
-113
18
47
47
45
43
43
45
44
54
49
45
47
43
44
50
43
50
41
39
50
48
41
43
48
45
43
35
39
37
45
39
44
42
50
43
48
41
41
41
33
38
43
37
44
40
38
40
37
42
41
34
40
35
43
35
35
41
32
