52
42
43
36
45
45
42
45
40
45
40
37
44
38
48
40
39
41
41
43
44
41
46
50
42
51
41
42
44
44
44
29
34
31
44
44
45
44
40
36
40
44
40
49
43
38
146
704
1544
2505
3438
4093
4451
4578
4421
4150
4081
4067
3933
3725
3476
3135
2745
2416
2141
1884
1663
1515
1409
1306
1165
1047
952
875
801
725
637
549
408
315
154
-1
-32
-45
-38
-37
-42
-37
-37
-28
-43
-36
-34
-38
-34
-39
-35
-32
-34
-37
-35
-31
-39
-35
-34
-38
-38
-37
-38
-40
-39
-38
-40
-41
-35
-39
-27
-28
-32
-41
-35
-29
-35
-36
-40
-31
-34
-31
-37
-35
-28
-34
-35
-31
-38
-33
-32
-29
-33
-41
-40
-35
-33
-31
-30
-31
-37
-31
-34
-30
-39
-30
-33
-35
-30
-30
-31
-33
-28
-34
-35
-28
-32
-29
-22
-32
-32
-37
-34
-27
-31
-29
-34
-36
-40
-34
-28
-28
-29
-30
-34
-31
-30
-32
-28
-55
-342
-1104
-2050
-3062
-3904
-4438
-4691
-4650
-4334
-4175
-4166
-4096
-3913
-3612
-3236
-2853
-2527
-2268
-2030
-1794
-1621
-1486
-1357
-1202
-1080
-1005
-946
-881
-803
-713
-637
-551
-454
-366
-208
-53
41
49
53
47
51
55
49
48
44
47
54
44
54
47
45
45
47
53
52
46
44
44
50
52
51
47
47
43
48
52
43
48
46
53
54
46
48
51
47
53
48
50
50
39
48
51
46
48
50
47
47
48
47
44
48
44
38
43
