37
39
33
41
31
31
43
40
41
40
36
41
41
35
39
39
41
35
38
44
34
33
36
41
38
38
31
27
36
34
38
23
31
35
39
44
37
33
33
30
32
34
36
34
31
55
322
1065
2005
3051
3927
4465
4685
4609
4297
4142
4133
4063
3852
3516
3146
2799
2511
2287
2071
1816
1603
1472
1362
1235
1106
1011
931
850
781
701
629
510
424
304
156
24
-42
-50
-52
-47
-48
-48
-41
-45
-38
-38
-46
-37
-44
-43
-48
-46
-38
-51
-44
-45
-42
-44
-40
-37
-38
-38
-41
-46
-43
-46
-44
-48
-41
-54
-47
-41
-42
-43
-51
-47
-39
-44
-44
-42
-39
-34
-39
-41
-47
-49
-42
-40
-45
-41
-37
-50
-44
-44
-44
-38
-34
-34
-45
-36
-38
-35
-39
-38
-44
-48
-40
-36
-42
-43
-33
-34
-40
-38
-40
-48
-42
-40
-35
-41
-40
-44
-36
-33
-37
-34
-41
-44
-41
-37
-34
-41
-44
-34
-39
-34
-41
-38
-35
-172
-800
-1699
-2709
-3649
-4321
-4665
-4740
-4479
-4222
-4171
-4127
-3955
-3681
-3374
-3013
-2629
-2308
-2061
-1828
-1640
-1496
-1405
-1280
-1151
-1048
-979
-910
-838
-769
-690
-612
-519
-457
-325
-188
-34
36
45
47
40
41
45
42
38
37
43
43
47
47
34
35
34
35
47
45
43
45
45
47
41
35
35
39
35
37
35
40
39
43
45
40
35
36
40
37
37
37
40
37
42
38
40
43
42
42
41
38
37
34
38
40
38
40
32
