28
37
37
35
38
34
37
37
37
38
41
32
39
37
37
34
31
35
37
31
36
33
37
36
35
40
40
37
38
30
33
33
24
39
36
35
37
34
30
31
33
35
27
37
35
32
69
467
1262
2104
2880
3462
3824
4047
4136
4010
3864
3850
3855
3756
3545
3195
2813
2505
2339
2216
2049
1827
1641
1495
1343
1196
1070
978
909
853
796
738
681
612
549
485
381
247
80
-27
-47
-48
-48
-47
-47
-48
-43
-41
-44
-45
-43
-51
-45
-46
-44
-41
-40
-44
-45
-40
-43
-53
-43
-47
-44
-44
-43
-39
-44
-42
-47
-46
-35
-47
-40
-41
-39
-44
-40
-34
-49
-38
-42
-43
-38
-40
-42
-38
-44
-45
-36
-37
-36
-40
-41
-40
-33
-43
-35
-43
-44
-37
-40
-33
-39
-40
-43
-38
-33
-42
-35
-42
-41
-39
-39
-40
-55
-50
-43
-37
-30
-37
-40
-43
-43
-37
-38
-47
-41
-31
-35
-36
-35
-38
-37
-37
-38
-35
-31
-33
-78
-502
-1321
-2161
-2935
-3542
-3912
-4100
-4143
-3966
-3822
-3827
-3823
-3725
-3560
-3303
-2893
-2494
-2249
-2082
-1905
-1719
-1558
-1425
-1301
-1166
-1048
-963
-891
-836
-785
-730
-661
-597
-531
-461
-362
-223
-54
40
54
42
45
33
38
47
40
45
37
37
44
35
41
45
38
52
42
34
44
28
38
38
41
38
36
44
45
39
40
35
37
40
35
34
42
35
37
31
35
43
35
46
40
44
37
41
36
37
37
32
38
43
35
39
