38
45
40
36
43
31
37
37
34
40
34
48
46
41
40
38
34
38
40
36
36
31
33
31
34
33
34
35
33
30
35
34
33
33
29
33
33
32
38
37
45
37
37
43
39
34
35
196
858
1727
2600
3331
3822
4108
4215
4123
3937
3908
3938
3883
3737
3517
3166
2728
2375
2115
1894
1696
1539
1433
1330
1208
1076
978
904
845
795
751
701
639
581
521
433
289
99
-27
-45
-43
-38
-41
-43
-42
-44
-40
-39
-44
-41
-51
-39
-44
-34
-42
-44
-48
-48
-38
-44
-48
-45
-43
-42
-50
-43
-38
-44
-40
-48
-43
-42
-39
-42
-43
-37
-35
-42
-44
-35
-40
-49
-43
-47
-43
-39
-44
-38
-44
-37
-44
-46
-37
-37
-40
-39
-47
-44
-39
-33
-37
-30
-34
-38
-37
-46
-37
-44
-41
-38
-31
-38
-37
-41
-34
-37
-40
-41
-39
-39
-40
-38
-36
-34
-44
-40
-34
-34
-35
-43
-38
-37
-27
-34
-31
-37
-34
-36
-37
-38
-213
-897
-1775
-2657
-3421
-3912
-4170
-4263
-4153
-3956
-3921
-3935
-3874
-3702
-3374
-2945
-2583
-2356
-2168
-1963
-1735
-1558
-1415
-1294
-1171
-1048
-955
-895
-836
-796
-742
-686
-622
-569
-511
-419
-313
-172
-24
44
50
47
50
50
40
42
43
44
40
39
50
47
44
42
39
35
37
43
44
39
43
38
35
40
47
45
41
37
37
45
41
44
41
44
39
37
32
32
38
40
37
41
31
36
40
34
39
37
37
47
35
37
48
