46
44
45
43
35
41
41
40
46
44
40
54
51
47
38
40
47
43
43
51
43
41
45
43
40
41
43
47
41
47
44
33
37
36
39
45
45
43
43
40
47
46
44
44
39
48
47
129
628
1504
2550
3547
4249
4595
4641
4412
4153
4130
4139
4002
3731
3338
2884
2515
2281
2102
1892
1683
1529
1407
1299
1163
1044
952
891
817
740
644
557
406
285
154
0
-29
-37
-43
-33
-34
-37
-35
-39
-36
-33
-33
-38
-32
-38
-35
-30
-38
-33
-34
-32
-36
-38
-37
-30
-28
-38
-38
-36
-39
-37
-37
-25
-33
-43
-29
-36
-25
-31
-38
-38
-42
-32
-32
-33
-31
-34
-30
-35
-30
-35
-36
-34
-33
-27
-35
-24
-28
-35
-28
-34
-30
-22
-28
-33
-35
-31
-24
-31
-30
-27
-31
-36
-26
-28
-37
-30
-31
-34
-32
-37
-36
-30
-24
-35
-40
-30
-31
-27
-28
-31
-31
-36
-23
-31
-29
-28
-31
-30
-25
-25
-26
-37
-36
-248
-977
-1940
-3023
-3963
-4548
-4815
-4744
-4421
-4281
-4291
-4204
-3958
-3619
-3194
-2751
-2406
-2134
-1893
-1679
-1529
-1424
-1317
-1182
-1064
-980
-928
-873
-791
-734
-653
-563
-461
-365
-241
-83
21
51
49
54
58
53
55
50
45
57
46
54
51
48
52
48
50
43
41
58
58
51
49
46
44
47
45
51
38
45
48
44
44
48
41
48
45
44
42
41
44
50
39
47
41
36
44
48
45
44
43
46
41
41
45
42
41
42
