41
45
43
37
43
38
39
39
40
35
33
44
47
40
45
44
37
34
34
34
40
38
33
39
40
41
41
37
43
42
35
40
34
43
40
39
32
41
32
33
37
35
37
36
33
39
34
42
97
574
1421
2315
3166
3805
4163
4301
4243
4009
3938
3987
3958
3783
3476
3107
2768
2486
2265
2064
1838
1636
1496
1371
1225
1085
976
902
844
796
743
663
601
533
438
309
155
18
-44
-40
-37
-44
-36
-39
-33
-43
-41
-41
-44
-38
-41
-34
-38
-43
-43
-42
-38
-43
-42
-48
-45
-38
-39
-39
-47
-40
-39
-44
-38
-47
-33
-37
-41
-38
-37
-39
-45
-37
-37
-40
-34
-33
-41
-34
-44
-35
-45
-41
-41
-43
-45
-34
-38
-42
-35
-34
-39
-37
-36
-35
-37
-35
-33
-37
-44
-39
-37
-27
-42
-25
-35
-33
-38
-37
-38
-38
-38
-32
-33
-27
-38
-34
-43
-43
-40
-47
-34
-43
-34
-30
-27
-27
-40
-32
-37
-33
-27
-34
-32
-34
-120
-677
-1557
-2455
-3288
-3888
-4192
-4295
-4202
-3963
-3910
-3961
-3905
-3740
-3510
-3221
-2820
-2448
-2172
-1964
-1773
-1602
-1455
-1326
-1182
-1054
-956
-891
-832
-780
-725
-658
-599
-511
-431
-308
-150
-8
37
48
44
55
47
47
41
39
45
49
51
37
51
47
48
41
47
47
38
39
43
40
49
50
47
53
40
40
35
41
50
45
41
35
32
45
47
40
38
43
46
40
39
42
41
41
40
36
41
43
43
47
35
28
