43
34
38
39
36
43
42
36
36
31
38
37
29
43
43
33
40
33
29
35
37
40
34
31
34
40
42
30
29
34
32
34
30
30
34
35
33
34
36
34
30
27
34
28
31
67
508
1397
2409
3392
4133
4556
4702
4528
4245
4165
4156
4010
3679
3270
2916
2601
2370
2198
1996
1759
1572
1437
1312
1172
1047
977
924
856
773
698
621
535
420
351
183
14
-39
-45
-40
-40
-43
-39
-43
-46
-41
-37
-38
-53
-42
-44
-43
-44
-40
-35
-40
-40
-43
-45
-51
-38
-42
-38
-43
-38
-35
-38
-42
-41
-43
-44
-39
-45
-43
-47
-38
-42
-48
-41
-40
-38
-37
-44
-44
-45
-38
-42
-33
-37
-34
-32
-36
-35
-41
-36
-38
-42
-38
-35
-41
-44
-45
-35
-42
-37
-39
-40
-41
-42
-40
-39
-31
-30
-34
-41
-37
-34
-39
-35
-35
-32
-30
-30
-41
-28
-34
-35
-37
-41
-41
-43
-35
-38
-40
-41
-33
-33
-38
-31
-40
-96
-637
-1559
-2560
-3511
-4193
-4556
-4667
-4486
-4261
-4241
-4240
-4077
-3745
-3307
-2872
-2516
-2272
-2099
-1889
-1674
-1510
-1378
-1248
-1110
-1008
-937
-882
-825
-737
-661
-579
-496
-389
-305
-125
15
40
40
41
34
38
37
53
48
41
48
47
47
53
38
41
47
45
50
53
47
47
37
41
38
35
43
39
31
44
43
43
39
41
41
41
44
40
30
38
33
37
43
35
37
39
38
41
34
38
44
41
38
31
40
43
38
32
35
