43
35
34
34
36
40
31
31
41
38
45
45
40
33
34
40
40
36
43
46
40
37
41
45
37
31
31
38
38
40
35
35
32
40
37
38
37
34
34
28
38
37
37
30
41
38
31
35
142
665
1454
2361
3234
3863
4226
4334
4210
3966
3909
3990
4010
3915
3649
3189
2792
2529
2315
2059
1782
1578
1425
1271
1120
1003
919
859
801
752
687
618
546
459
338
193
47
-37
-41
-41
-40
-40
-32
-38
-45
-41
-43
-40
-43
-51
-46
-44
-37
-37
-41
-35
-38
-40
-41
-45
-40
-45
-42
-37
-38
-40
-34
-34
-43
-43
-48
-43
-42
-41
-33
-31
-38
-38
-36
-35
-36
-32
-37
-37
-32
-41
-33
-39
-39
-38
-35
-41
-47
-38
-34
-37
-36
-37
-34
-38
-38
-34
-34
-29
-31
-34
-33
-31
-33
-35
-31
-33
-33
-30
-36
-40
-39
-38
-45
-39
-33
-38
-30
-40
-39
-28
-37
-30
-33
-33
-29
-38
-35
-33
-33
-38
-30
-28
-40
-31
-158
-707
-1522
-2438
-3316
-3961
-4322
-4441
-4295
-4065
-4048
-4109
-4086
-3968
-3711
-3260
-2768
-2386
-2081
-1818
-1618
-1481
-1349
-1198
-1054
-961
-893
-843
-784
-721
-663
-603
-536
-459
-360
-219
-77
20
44
47
47
50
45
47
40
51
42
43
50
45
39
48
48
41
48
44
41
45
46
47
40
42
41
43
47
44
43
41
42
36
40
38
43
42
38
40
46
48
46
37
44
43
43
49
39
42
41
37
41
38
36
38
