35
40
40
32
41
33
34
34
34
40
34
35
37
36
45
44
41
44
43
40
35
30
38
30
31
28
25
39
33
31
38
31
33
38
38
40
28
39
39
35
40
43
35
34
34
41
274
977
1893
2924
3812
4384
4660
4670
4391
4189
4150
4059
3828
3448
3010
2702
2507
2359
2202
1958
1699
1520
1407
1271
1130
1026
944
865
797
730
639
556
486
356
231
72
-22
-52
-47
-51
-47
-54
-49
-51
-45
-38
-37
-38
-43
-45
-43
-44
-45
-41
-50
-48
-41
-47
-49
-40
-43
-42
-44
-44
-37
-39
-34
-43
-38
-35
-35
-38
-46
-40
-38
-43
-36
-37
-44
-43
-37
-44
-39
-39
-44
-44
-43
-43
-40
-40
-34
-39
-38
-38
-32
-33
-41
-37
-41
-40
-34
-45
-45
-40
-34
-36
-39
-38
-36
-35
-40
-38
-44
-42
-36
-30
-33
-37
-37
-41
-41
-31
-35
-47
-45
-38
-33
-34
-38
-38
-44
-33
-42
-35
-38
-34
-29
-48
-39
-99
-564
-1397
-2429
-3464
-4208
-4631
-4772
-4573
-4280
-4186
-4152
-4007
-3694
-3294
-2923
-2625
-2389
-2165
-1942
-1713
-1528
-1415
-1305
-1188
-1078
-997
-914
-842
-776
-716
-636
-566
-496
-387
-276
-130
-8
43
47
41
44
47
51
44
50
48
47
51
45
52
34
31
42
43
41
44
45
48
51
38
41
37
47
45
38
45
46
50
41
40
44
40
43
47
49
45
45
38
38
43
43
44
50
43
39
37
44
31
37
44
38
35
40
35
