33
40
37
39
37
39
36
37
41
29
35
35
34
38
40
45
41
41
38
38
29
38
39
35
34
40
38
35
34
35
32
38
39
40
38
38
35
37
33
37
41
35
35
35
38
35
35
121
665
1529
2415
3234
3793
4106
4261
4204
4007
3939
3966
3899
3721
3479
3102
2659
2357
2175
1993
1769
1571
1447
1343
1225
1089
985
916
867
819
758
705
642
571
499
403
264
102
-13
-45
-49
-51
-38
-43
-50
-42
-37
-37
-44
-38
-37
-42
-40
-43
-45
-47
-47
-42
-43
-38
-41
-45
-41
-46
-40
-51
-43
-39
-46
-42
-42
-35
-44
-47
-35
-38
-38
-38
-37
-39
-35
-37
-45
-44
-39
-37
-36
-41
-36
-44
-36
-39
-40
-40
-35
-38
-34
-31
-36
-38
-34
-38
-38
-35
-30
-41
-49
-39
-35
-41
-37
-44
-36
-31
-31
-40
-39
-40
-45
-34
-43
-29
-28
-40
-31
-40
-35
-36
-43
-35
-43
-43
-40
-39
-28
-38
-33
-36
-35
-47
-222
-918
-1786
-2662
-3412
-3928
-4215
-4311
-4171
-3966
-3938
-3938
-3819
-3582
-3191
-2765
-2471
-2317
-2218
-2058
-1841
-1631
-1473
-1348
-1228
-1094
-991
-916
-865
-822
-757
-696
-638
-570
-503
-410
-295
-173
-20
40
50
46
42
43
37
40
34
43
47
42
48
47
40
43
44
39
44
47
37
34
32
38
39
39
43
38
39
38
37
43
37
46
45
51
43
43
37
41
34
37
40
38
47
41
41
37
41
42
44
39
41
35
35
