31
32
37
33
31
28
30
38
37
34
35
27
33
33
33
38
35
38
40
33
44
36
26
31
33
35
28
31
30
23
30
31
25
34
30
27
25
28
31
33
31
25
19
24
32
27
34
143
727
1574
2594
3600
4304
4659
4712
4446
4210
4213
4200
4040
3724
3319
2930
2586
2279
2037
1810
1611
1475
1376
1270
1136
1014
947
892
839
750
677
591
499
336
241
103
-29
-44
-57
-47
-47
-53
-50
-44
-39
-47
-47
-47
-50
-45
-44
-32
-48
-47
-46
-44
-48
-52
-40
-42
-52
-48
-40
-43
-44
-35
-43
-44
-46
-44
-45
-41
-42
-48
-51
-55
-46
-45
-43
-44
-35
-40
-40
-44
-48
-47
-44
-44
-49
-41
-43
-43
-44
-50
-38
-41
-37
-50
-47
-45
-47
-48
-42
-47
-43
-42
-45
-39
-38
-40
-41
-38
-41
-41
-45
-38
-48
-41
-40
-45
-38
-45
-44
-38
-42
-40
-39
-38
-42
-47
-42
-37
-34
-42
-30
-39
-45
-42
-37
-42
-214
-858
-1751
-2752
-3700
-4381
-4719
-4735
-4434
-4185
-4103
-4107
-3998
-3810
-3485
-2995
-2512
-2174
-1928
-1719
-1554
-1442
-1344
-1223
-1090
-989
-919
-873
-808
-718
-642
-552
-447
-281
-185
-42
25
41
34
40
40
33
42
43
35
43
39
33
43
38
38
44
38
41
37
37
36
32
34
32
38
38
34
45
38
37
48
30
30
35
34
36
36
34
38
36
38
33
37
37
31
35
34
38
41
31
31
38
35
34
33
37
34
