34
43
43
45
42
43
43
36
42
42
40
40
41
32
43
43
37
45
48
42
35
40
48
35
42
41
29
31
34
35
40
47
45
40
37
38
34
43
41
42
44
32
39
38
33
40
46
314
1062
1929
2742
3385
3788
3999
4058
3953
3763
3741
3756
3685
3526
3322
3010
2639
2353
2178
2009
1796
1614
1478
1374
1274
1157
1031
918
837
780
724
673
616
553
489
391
276
141
14
-37
-47
-47
-40
-36
-41
-53
-43
-45
-40
-40
-41
-41
-41
-37
-38
-35
-40
-35
-44
-37
-34
-41
-46
-40
-38
-40
-36
-45
-41
-48
-32
-31
-41
-35
-40
-33
-36
-41
-40
-44
-37
-37
-40
-35
-38
-38
-38
-34
-34
-38
-33
-37
-35
-38
-36
-30
-41
-31
-35
-44
-40
-36
-34
-31
-38
-36
-38
-35
-37
-34
-42
-44
-40
-37
-37
-36
-33
-31
-42
-31
-33
-23
-32
-35
-33
-31
-35
-34
-34
-37
-31
-27
-35
-25
-29
-28
-32
-37
-31
-61
-434
-1233
-2088
-2901
-3506
-3877
-4070
-4115
-3948
-3787
-3780
-3752
-3627
-3421
-3123
-2812
-2536
-2310
-2169
-2024
-1832
-1647
-1487
-1370
-1265
-1146
-1014
-914
-836
-787
-729
-683
-625
-578
-514
-430
-328
-211
-71
23
45
47
49
48
48
46
48
43
51
39
47
45
45
42
42
43
54
49
48
50
44
48
50
50
48
41
44
41
33
41
41
45
50
43
44
41
31
41
48
42
40
37
46
45
44
49
48
43
44
45
39
40
35
