36
41
36
41
43
40
33
37
41
47
37
43
35
38
31
35
40
35
37
44
37
35
45
37
48
34
40
38
34
40
31
37
41
30
35
37
39
41
32
26
38
37
27
37
47
41
30
37
206
815
1659
2612
3493
4086
4384
4430
4258
4060
4054
4066
3988
3777
3405
3011
2677
2398
2157
1877
1658
1501
1365
1213
1076
969
889
842
787
724
660
592
518
432
313
169
26
-43
-38
-50
-44
-44
-41
-36
-50
-48
-46
-40
-39
-40
-41
-41
-45
-46
-55
-41
-37
-44
-47
-43
-41
-45
-42
-50
-45
-48
-39
-37
-48
-34
-44
-44
-42
-34
-33
-48
-38
-35
-41
-42
-37
-40
-41
-45
-48
-44
-43
-47
-41
-42
-41
-34
-36
-34
-31
-38
-38
-41
-35
-44
-39
-42
-41
-48
-41
-38
-43
-36
-37
-44
-36
-33
-35
-33
-38
-34
-41
-43
-43
-43
-33
-39
-37
-44
-38
-35
-39
-41
-44
-42
-36
-28
-34
-39
-38
-43
-35
-33
-30
-53
-349
-1091
-1962
-2896
-3688
-4185
-4413
-4387
-4144
-4014
-4074
-4094
-4000
-3801
-3445
-2949
-2518
-2205
-1954
-1726
-1547
-1405
-1282
-1144
-1027
-952
-882
-833
-776
-712
-659
-590
-512
-430
-308
-151
-25
37
37
40
49
41
44
44
37
40
41
43
45
41
41
51
42
43
44
43
35
37
37
46
45
48
40
42
49
44
37
47
43
42
45
36
37
33
33
43
28
44
38
34
35
35
41
37
38
44
38
43
38
37
36
36
