38
32
41
42
27
34
36
33
35
29
32
33
35
31
33
34
39
33
33
33
33
36
30
35
34
31
33
31
35
37
31
34
36
38
33
32
28
35
37
37
37
31
30
27
34
38
30
135
674
1537
2533
3490
4202
4586
4683
4450
4178
4132
4121
3966
3730
3410
3008
2612
2303
2073
1856
1652
1514
1413
1303
1165
1048
967
908
829
755
666
587
462
337
217
54
-30
-44
-53
-50
-49
-50
-44
-49
-46
-51
-49
-43
-48
-47
-49
-39
-38
-47
-41
-41
-38
-47
-40
-37
-43
-41
-39
-41
-48
-43
-38
-41
-47
-43
-33
-43
-50
-45
-40
-38
-40
-40
-46
-44
-38
-38
-38
-41
-35
-36
-34
-36
-41
-45
-44
-39
-36
-45
-35
-43
-44
-39
-38
-42
-44
-31
-41
-43
-40
-41
-38
-33
-31
-35
-41
-33
-43
-42
-34
-33
-34
-38
-35
-37
-44
-39
-39
-40
-41
-34
-45
-46
-37
-33
-31
-40
-37
-31
-46
-45
-43
-42
-43
-59
-360
-1109
-2053
-3092
-3954
-4474
-4694
-4619
-4309
-4157
-4169
-4116
-3926
-3605
-3212
-2834
-2456
-2145
-1908
-1708
-1564
-1456
-1349
-1225
-1090
-996
-945
-894
-805
-732
-654
-567
-454
-369
-218
-68
21
40
45
41
41
41
45
40
47
43
38
43
37
36
40
43
48
43
41
41
37
41
44
41
44
44
33
40
38
37
35
45
38
34
37
35
35
39
34
38
43
38
43
37
39
37
33
35
38
32
35
38
38
37
41
38
33
