37
41
41
38
39
44
39
43
41
38
42
44
38
46
44
37
46
39
35
36
43
44
36
45
44
45
40
38
35
41
41
45
42
36
47
41
42
38
36
40
35
38
43
38
43
37
37
89
539
1369
2218
2979
3541
3846
4007
4044
3898
3769
3802
3821
3727
3546
3295
2926
2543
2287
2113
1930
1723
1567
1429
1325
1196
1070
977
907
847
796
741
680
614
545
466
331
183
31
-40
-43
-38
-38
-35
-40
-43
-42
-40
-42
-40
-39
-44
-41
-44
-33
-38
-43
-43
-43
-37
-45
-41
-47
-44
-37
-40
-41
-43
-40
-41
-40
-34
-37
-43
-40
-37
-35
-43
-38
-41
-43
-44
-38
-30
-49
-35
-41
-37
-34
-46
-43
-36
-39
-40
-36
-41
-43
-35
-47
-44
-39
-45
-40
-39
-37
-31
-40
-40
-35
-28
-39
-34
-36
-34
-39
-38
-39
-37
-38
-37
-41
-43
-42
-41
-45
-37
-39
-38
-37
-31
-30
-35
-35
-30
-35
-43
-40
-35
-33
-35
-99
-594
-1417
-2230
-2968
-3537
-3888
-4063
-4095
-3943
-3788
-3803
-3801
-3717
-3523
-3188
-2797
-2499
-2310
-2173
-1990
-1776
-1584
-1445
-1314
-1190
-1076
-975
-909
-848
-795
-734
-678
-611
-540
-467
-364
-247
-80
21
44
41
45
52
51
48
52
40
48
50
51
54
45
48
45
53
46
38
42
53
41
41
38
39
38
35
41
39
38
44
37
43
48
43
47
39
35
35
41
41
43
33
38
45
41
37
42
43
39
41
43
35
42
