38
37
46
44
36
38
38
45
36
32
43
32
31
38
37
35
38
40
41
41
43
35
34
35
33
31
35
33
30
38
38
24
34
41
38
32
25
38
35
41
33
34
40
33
40
36
38
96
542
1345
2273
3235
3985
4433
4559
4363
4080
4035
4074
4017
3862
3608
3201
2734
2370
2085
1827
1602
1458
1364
1258
1139
1014
924
858
810
756
697
629
555
487
397
272
132
-5
-33
-42
-44
-50
-48
-38
-44
-46
-40
-47
-43
-45
-38
-40
-38
-42
-46
-35
-46
-50
-49
-43
-42
-43
-38
-37
-46
-46
-41
-37
-47
-33
-43
-43
-37
-44
-28
-35
-37
-37
-45
-35
-43
-41
-46
-43
-33
-37
-34
-44
-47
-37
-40
-33
-41
-38
-43
-34
-31
-38
-37
-43
-39
-41
-43
-33
-40
-41
-34
-39
-37
-35
-32
-36
-32
-28
-40
-41
-46
-35
-37
-36
-31
-35
-40
-41
-31
-33
-35
-35
-37
-45
-40
-41
-34
-40
-37
-38
-43
-38
-35
-35
-159
-733
-1568
-2501
-3378
-4004
-4370
-4476
-4307
-4081
-4069
-4110
-4040
-3862
-3530
-3116
-2719
-2395
-2131
-1859
-1634
-1492
-1358
-1211
-1083
-979
-923
-858
-803
-753
-698
-622
-556
-480
-371
-225
-58
25
43
40
50
41
44
50
47
47
45
38
39
32
42
34
37
46
47
45
41
31
41
41
45
41
42
44
37
42
44
41
47
50
44
40
36
31
44
37
37
38
42
48
46
41
48
41
43
41
37
43
35
33
46
39
38
