41
42
42
33
40
36
25
32
35
37
32
37
37
39
33
33
25
28
40
30
23
33
33
37
35
40
38
32
34
37
33
35
36
32
34
35
37
35
41
33
25
42
34
30
33
37
91
538
1320
2238
3167
3865
4241
4371
4268
4045
4010
4084
4072
3943
3631
3148
2705
2408
2186
1978
1744
1554
1418
1291
1149
1031
942
875
813
768
709
647
576
502
405
280
111
-17
-47
-49
-53
-43
-47
-51
-51
-43
-44
-44
-35
-40
-37
-44
-45
-41
-47
-40
-48
-45
-43
-39
-32
-37
-40
-41
-35
-33
-44
-40
-35
-43
-39
-39
-38
-36
-40
-42
-40
-34
-40
-41
-40
-35
-33
-46
-43
-45
-41
-38
-46
-38
-43
-42
-43
-40
-35
-39
-35
-44
-38
-37
-34
-35
-40
-43
-47
-43
-39
-35
-39
-43
-47
-43
-43
-38
-42
-41
-40
-34
-35
-37
-39
-41
-35
-34
-41
-31
-38
-36
-37
-41
-39
-40
-35
-46
-43
-40
-39
-34
-37
-35
-134
-667
-1506
-2467
-3382
-4034
-4399
-4497
-4326
-4098
-4086
-4114
-4066
-3923
-3613
-3094
-2627
-2306
-2058
-1827
-1633
-1488
-1353
-1202
-1068
-967
-903
-839
-789
-746
-678
-614
-552
-473
-363
-243
-71
18
46
47
41
49
47
45
39
41
46
48
35
38
38
44
37
47
52
40
42
43
40
43
44
44
38
33
44
45
34
43
37
34
43
37
34
43
45
39
43
38
38
44
38
38
43
39
33
39
40
38
37
40
39
44
41
37
