36
38
41
44
41
45
40
36
35
39
45
40
40
37
28
33
33
42
35
30
32
40
35
40
41
42
40
33
35
36
36
41
37
30
38
35
45
41
42
30
35
36
37
39
37
35
117
624
1463
2309
3096
3648
3942
4058
4048
3873
3762
3777
3736
3581
3368
3071
2716
2427
2270
2136
1946
1736
1558
1434
1335
1232
1107
972
867
807
756
709
646
595
549
473
384
264
126
2
-27
-42
-26
-42
-41
-39
-42
-35
-36
-35
-43
-37
-33
-35
-28
-31
-41
-39
-41
-33
-37
-40
-43
-37
-27
-45
-39
-35
-32
-33
-38
-35
-43
-43
-40
-34
-30
-28
-29
-44
-47
-42
-37
-34
-38
-44
-34
-35
-33
-41
-32
-41
-44
-34
-35
-38
-38
-31
-36
-41
-40
-39
-33
-34
-32
-39
-34
-31
-35
-38
-35
-40
-34
-34
-32
-38
-34
-38
-35
-34
-33
-30
-32
-42
-37
-38
-34
-37
-29
-33
-31
-33
-31
-38
-26
-34
-33
-44
-35
-35
-119
-678
-1544
-2402
-3168
-3685
-3963
-4071
-4036
-3839
-3754
-3782
-3743
-3588
-3382
-3049
-2687
-2416
-2243
-2102
-1923
-1724
-1559
-1420
-1321
-1214
-1106
-983
-891
-816
-764
-716
-663
-608
-566
-504
-416
-318
-198
-62
30
45
43
44
47
40
43
47
53
45
46
49
47
46
45
44
53
42
38
48
45
44
49
48
47
46
42
52
43
42
47
41
48
45
40
47
41
42
38
47
36
37
35
50
38
40
40
40
40
36
39
44
38
40
