37
37
35
39
35
42
42
37
37
38
49
43
30
42
38
44
41
37
36
37
35
43
34
44
45
32
40
34
27
45
35
36
43
37
33
33
34
35
29
32
31
32
40
35
30
37
39
70
455
1250
2125
2938
3552
3919
4101
4140
3978
3823
3833
3860
3771
3506
3137
2784
2540
2387
2240
2048
1808
1598
1439
1322
1191
1063
959
892
849
788
736
678
615
543
466
340
200
39
-35
-48
-50
-50
-41
-43
-50
-46
-45
-42
-43
-40
-37
-38
-45
-40
-38
-48
-39
-39
-41
-41
-37
-37
-47
-41
-40
-37
-38
-39
-43
-41
-40
-34
-44
-35
-44
-41
-40
-41
-31
-50
-40
-43
-44
-44
-38
-38
-43
-43
-43
-50
-38
-40
-33
-44
-43
-41
-42
-38
-40
-43
-41
-36
-41
-41
-42
-42
-37
-38
-37
-38
-42
-38
-37
-41
-36
-37
-31
-41
-37
-35
-42
-42
-40
-28
-44
-38
-34
-43
-31
-40
-37
-35
-33
-31
-41
-36
-31
-39
-40
-125
-669
-1478
-2290
-3062
-3673
-4012
-4167
-4162
-3921
-3750
-3794
-3811
-3718
-3443
-3103
-2768
-2538
-2373
-2207
-1991
-1756
-1574
-1426
-1290
-1165
-1040
-956
-901
-842
-790
-728
-659
-594
-529
-437
-340
-196
-40
36
48
44
43
44
44
53
40
43
50
53
43
48
50
40
41
45
50
41
51
48
40
49
54
47
50
41
42
43
34
40
39
41
48
47
44
47
38
45
38
35
45
41
43
38
36
41
30
41
40
38
38
36
35
