41
39
37
34
43
37
42
40
41
47
34
45
37
34
34
39
39
43
45
44
43
35
39
39
39
35
39
45
46
42
43
46
34
37
31
39
38
31
37
34
35
37
39
40
35
30
37
211
881
1759
2663
3420
3896
4139
4208
4098
3895
3867
3885
3817
3675
3444
3067
2689
2375
2146
1937
1723
1547
1423
1318
1199
1065
970
900
839
790
734
680
611
547
475
358
202
33
-33
-39
-43
-38
-42
-37
-45
-38
-40
-43
-43
-45
-34
-40
-41
-45
-43
-42
-44
-42
-43
-33
-30
-44
-34
-37
-39
-42
-47
-36
-44
-35
-37
-36
-37
-38
-39
-37
-40
-34
-37
-31
-38
-31
-40
-39
-31
-40
-40
-44
-40
-35
-37
-44
-43
-34
-33
-30
-32
-35
-36
-34
-40
-35
-37
-32
-40
-35
-37
-41
-41
-34
-34
-38
-37
-38
-33
-37
-40
-26
-27
-34
-29
-36
-31
-33
-40
-35
-31
-30
-34
-32
-30
-32
-31
-31
-37
-30
-36
-31
-34
-42
-310
-1033
-1916
-2831
-3608
-4073
-4296
-4322
-4076
-3837
-3860
-3906
-3832
-3659
-3361
-2906
-2501
-2260
-2092
-1931
-1743
-1572
-1432
-1309
-1186
-1052
-961
-899
-848
-797
-745
-687
-626
-565
-501
-401
-273
-106
18
44
44
47
51
44
41
45
49
50
48
48
40
47
47
45
48
50
47
44
45
45
38
38
41
42
47
38
41
43
42
39
47
34
37
50
45
45
47
48
45
40
40
43
39
45
41
38
34
41
47
42
50
50
37
