40
35
41
43
43
45
40
40
36
33
45
39
40
33
29
45
44
31
45
34
34
33
37
35
39
37
32
31
35
39
31
31
28
28
37
33
37
38
35
33
29
37
36
38
41
37
36
105
614
1537
2563
3523
4214
4588
4691
4503
4263
4203
4171
3988
3585
3091
2729
2505
2353
2215
1994
1735
1548
1426
1303
1167
1046
971
915
835
764
684
605
506
384
275
87
-15
-43
-47
-39
-41
-42
-37
-49
-54
-44
-44
-45
-38
-51
-47
-38
-41
-42
-38
-50
-36
-45
-42
-43
-40
-43
-44
-37
-47
-37
-31
-35
-29
-37
-35
-40
-44
-39
-40
-37
-36
-40
-39
-50
-37
-37
-34
-43
-39
-30
-37
-29
-37
-37
-36
-35
-41
-47
-38
-36
-37
-33
-40
-31
-29
-33
-39
-37
-29
-37
-41
-44
-38
-38
-37
-34
-33
-36
-34
-38
-34
-32
-37
-36
-45
-32
-37
-40
-38
-30
-35
-39
-31
-37
-36
-37
-35
-34
-41
-38
-33
-38
-36
-40
-226
-971
-1982
-3017
-3877
-4428
-4673
-4637
-4358
-4195
-4223
-4169
-3945
-3526
-3089
-2721
-2447
-2247
-2043
-1812
-1621
-1482
-1352
-1197
-1072
-993
-934
-868
-796
-734
-639
-564
-464
-380
-229
-44
37
47
40
41
43
45
43
46
42
47
37
41
44
50
53
53
44
49
43
48
44
38
41
38
40
40
35
35
45
38
43
40
35
47
42
52
44
42
44
35
44
43
40
45
37
37
35
35
40
43
44
40
47
36
38
44
40
