42
48
48
40
43
38
38
40
39
40
38
43
40
41
38
40
47
43
41
41
40
31
37
43
30
37
40
34
37
41
43
43
34
49
43
37
43
43
36
42
33
34
35
42
47
35
49
143
719
1571
2445
3257
3826
4130
4254
4182
3974
3908
3945
3909
3759
3522
3146
2759
2429
2195
1993
1773
1560
1415
1303
1185
1044
937
870
815
757
714
648
582
519
434
299
134
-4
-41
-47
-41
-41
-43
-40
-39
-35
-42
-37
-38
-40
-35
-35
-31
-38
-39
-36
-43
-40
-44
-38
-35
-33
-40
-41
-39
-41
-34
-43
-48
-37
-43
-37
-36
-33
-36
-47
-34
-42
-33
-35
-43
-40
-43
-30
-37
-41
-34
-30
-27
-34
-37
-38
-38
-28
-39
-32
-35
-35
-35
-36
-29
-32
-28
-33
-34
-31
-41
-35
-40
-34
-33
-40
-37
-43
-29
-36
-38
-40
-41
-42
-38
-31
-24
-25
-21
-26
-33
-32
-30
-28
-37
-34
-33
-35
-30
-37
-33
-25
-27
-33
-237
-953
-1868
-2801
-3583
-4087
-4338
-4382
-4185
-4003
-4025
-4051
-3945
-3737
-3408
-2937
-2540
-2306
-2129
-1921
-1703
-1536
-1403
-1249
-1109
-1002
-930
-872
-828
-769
-717
-653
-597
-536
-459
-345
-192
-25
46
39
45
53
51
53
51
43
48
46
51
47
51
45
45
51
55
50
49
40
41
51
50
42
47
44
47
43
49
48
45
46
45
44
37
42
49
44
44
47
42
37
49
45
47
41
40
44
40
33
44
35
41
41
45
