40
37
37
37
38
39
30
47
35
39
38
34
36
35
41
41
33
30
33
39
40
41
40
39
34
30
37
29
37
28
36
39
30
40
39
35
38
33
37
35
30
34
29
30
35
35
38
205
855
1773
2808
3753
4391
4698
4699
4406
4190
4179
4129
3954
3689
3302
2825
2456
2211
2008
1797
1598
1472
1365
1241
1111
1007
940
885
832
747
676
584
483
317
201
50
-36
-36
-43
-44
-47
-53
-40
-46
-37
-43
-45
-43
-42
-25
-42
-35
-46
-41
-42
-48
-40
-46
-45
-41
-37
-40
-40
-41
-40
-35
-42
-45
-43
-41
-38
-41
-36
-33
-37
-40
-36
-41
-33
-37
-36
-44
-32
-35
-41
-38
-46
-40
-41
-37
-34
-43
-35
-35
-38
-38
-37
-41
-33
-33
-39
-39
-36
-32
-38
-38
-38
-38
-39
-35
-34
-34
-40
-33
-37
-39
-42
-45
-33
-38
-34
-37
-45
-33
-37
-39
-38
-37
-40
-43
-40
-34
-37
-40
-40
-34
-38
-38
-35
-57
-288
-992
-1915
-2948
-3832
-4407
-4658
-4615
-4316
-4147
-4152
-4074
-3873
-3553
-3156
-2778
-2481
-2239
-2010
-1783
-1600
-1479
-1370
-1242
-1102
-1002
-929
-878
-805
-713
-632
-530
-381
-238
-130
2
33
44
41
40
35
41
51
44
44
37
41
44
43
41
34
44
44
44
41
43
47
41
41
40
40
45
47
40
40
34
41
42
44
44
44
41
27
44
40
40
40
38
42
41
37
44
39
39
30
30
39
40
28
41
38
37
42
