39
45
35
42
36
43
35
34
41
37
40
45
40
40
42
37
39
38
36
33
38
44
36
30
40
34
34
40
43
40
31
38
38
33
45
40
32
42
37
37
30
25
36
28
33
40
232
954
1913
2935
3835
4424
4687
4662
4368
4208
4218
4154
3863
3364
2907
2607
2427
2306
2154
1914
1677
1505
1384
1251
1110
1012
950
892
838
743
667
571
478
328
225
80
-17
-40
-43
-45
-43
-42
-53
-44
-41
-47
-38
-47
-41
-40
-41
-37
-49
-38
-42
-48
-50
-45
-43
-44
-41
-52
-49
-40
-41
-37
-37
-33
-37
-41
-35
-34
-38
-38
-38
-36
-40
-38
-43
-40
-43
-41
-35
-41
-32
-33
-38
-40
-43
-42
-44
-39
-44
-40
-31
-40
-38
-47
-36
-42
-38
-39
-32
-32
-39
-38
-31
-39
-31
-37
-30
-44
-34
-30
-43
-37
-37
-42
-41
-38
-37
-40
-41
-38
-40
-37
-35
-34
-31
-38
-30
-38
-31
-33
-37
-36
-37
-40
-35
-44
-348
-1170
-2171
-3181
-4005
-4518
-4737
-4627
-4343
-4239
-4244
-4126
-3830
-3416
-2985
-2619
-2347
-2137
-1917
-1698
-1527
-1412
-1301
-1171
-1057
-963
-909
-850
-791
-718
-647
-547
-455
-303
-205
-37
35
37
47
46
47
45
43
42
38
44
40
41
51
47
43
44
43
41
43
44
48
46
40
47
38
45
44
43
41
41
39
36
39
41
43
44
43
39
43
39
42
46
37
43
41
32
36
36
32
39
35
40
37
33
38
34
41
39
