41
45
44
50
41
38
37
45
44
35
39
36
46
41
42
42
40
46
45
35
36
36
34
41
36
38
40
41
40
41
37
34
41
45
44
36
34
42
43
38
37
41
44
42
37
74
496
1314
2291
3317
4131
4603
4773
4578
4260
4187
4166
4035
3781
3398
3012
2673
2382
2142
1908
1681
1517
1423
1331
1195
1074
981
915
865
796
724
621
539
389
231
108
-12
-32
-36
-39
-37
-38
-37
-30
-42
-40
-39
-47
-39
-38
-40
-42
-44
-41
-39
-41
-38
-37
-38
-40
-40
-38
-40
-35
-37
-34
-40
-36
-35
-34
-30
-35
-30
-33
-38
-39
-38
-40
-38
-38
-35
-34
-33
-37
-34
-42
-37
-33
-38
-30
-31
-41
-40
-34
-32
-34
-31
-41
-38
-37
-34
-27
-35
-39
-38
-33
-32
-31
-34
-35
-30
-30
-38
-28
-34
-34
-34
-31
-33
-37
-30
-30
-37
-28
-36
-22
-35
-38
-28
-37
-24
-32
-30
-33
-28
-29
-26
-31
-28
-35
-54
-429
-1251
-2250
-3301
-4120
-4598
-4773
-4602
-4284
-4202
-4235
-4138
-3923
-3625
-3163
-2689
-2319
-2069
-1845
-1643
-1487
-1386
-1277
-1153
-1051
-963
-897
-845
-763
-684
-582
-486
-340
-232
-97
23
53
51
49
51
54
45
47
41
47
50
43
49
48
41
47
41
48
49
44
50
41
46
54
46
48
48
41
43
42
39
39
42
49
47
47
49
45
50
51
50
51
44
29
39
37
43
44
41
37
41
34
45
35
35
43
51
45
42
