40
38
35
40
35
44
43
42
45
41
37
37
30
41
34
37
43
38
35
35
38
33
41
41
41
35
39
34
35
41
33
38
41
39
30
34
32
35
36
43
41
35
35
41
36
35
88
506
1303
2276
3312
4087
4522
4665
4522
4220
4136
4143
4030
3803
3444
3026
2649
2392
2193
1969
1724
1548
1416
1313
1175
1043
951
894
828
754
663
587
469
324
226
50
-22
-38
-53
-42
-40
-41
-44
-47
-41
-46
-40
-40
-40
-32
-33
-34
-41
-41
-37
-40
-36
-40
-42
-46
-37
-37
-45
-38
-48
-44
-40
-26
-37
-44
-40
-32
-44
-40
-42
-37
-43
-41
-37
-40
-34
-40
-41
-43
-41
-39
-36
-33
-37
-34
-31
-33
-38
-34
-35
-37
-32
-33
-34
-33
-40
-43
-40
-43
-37
-38
-33
-37
-40
-40
-41
-31
-37
-35
-31
-38
-37
-31
-34
-37
-37
-31
-30
-37
-41
-36
-31
-26
-31
-35
-33
-38
-35
-31
-35
-34
-37
-44
-41
-40
-216
-889
-1812
-2858
-3801
-4427
-4727
-4729
-4442
-4225
-4220
-4177
-4014
-3748
-3390
-2934
-2537
-2244
-1984
-1754
-1574
-1462
-1330
-1184
-1061
-990
-930
-879
-805
-740
-655
-578
-468
-373
-245
-70
22
43
49
45
39
50
51
50
40
41
41
38
41
42
44
47
44
42
45
48
43
40
44
42
44
39
41
46
41
48
48
44
44
43
51
45
42
50
43
35
41
35
37
40
48
44
40
47
41
39
52
49
36
38
43
41
48
34
