41
45
35
31
41
37
38
41
41
47
41
37
38
37
38
36
37
35
35
46
44
36
38
33
44
45
40
37
45
38
35
28
31
45
34
47
44
41
42
40
35
38
42
35
29
31
42
67
400
1167
1984
2753
3366
3767
3972
4054
3957
3770
3740
3764
3718
3583
3322
2926
2554
2345
2215
2081
1881
1681
1521
1380
1256
1112
1001
922
853
805
743
684
609
533
456
349
190
37
-29
-36
-44
-44
-43
-48
-41
-42
-40
-42
-35
-28
-43
-40
-41
-44
-40
-42
-35
-40
-39
-38
-39
-43
-41
-37
-39
-39
-41
-43
-37
-40
-39
-44
-46
-49
-48
-34
-34
-37
-33
-38
-36
-34
-39
-37
-31
-30
-36
-30
-35
-35
-36
-40
-31
-36
-28
-32
-47
-33
-39
-43
-40
-31
-38
-39
-37
-35
-35
-34
-44
-40
-37
-29
-27
-32
-30
-35
-41
-41
-32
-25
-36
-36
-43
-34
-34
-35
-31
-35
-35
-33
-37
-31
-27
-30
-32
-39
-38
-36
-28
-70
-497
-1316
-2140
-2892
-3483
-3863
-4058
-4126
-3997
-3842
-3853
-3859
-3764
-3568
-3228
-2825
-2502
-2313
-2190
-2030
-1814
-1626
-1461
-1328
-1181
-1074
-975
-914
-855
-802
-744
-675
-611
-542
-463
-374
-236
-84
21
46
50
51
42
43
48
45
50
47
48
45
48
44
44
48
41
38
44
45
51
45
39
43
42
43
35
40
38
38
38
38
40
45
51
44
50
48
40
44
44
48
47
47
43
41
35
44
44
47
38
38
45
44
