35
33
34
36
38
31
33
38
37
35
31
32
31
33
37
29
30
37
33
35
31
34
33
36
45
35
34
30
34
26
38
31
33
30
31
27
30
34
38
31
32
32
33
41
39
65
453
1286
2206
3107
3802
4243
4486
4504
4292
4160
4129
3995
3743
3444
3094
2705
2383
2155
1989
1809
1632
1509
1426
1342
1254
1124
1009
921
845
757
689
614
536
427
351
196
29
-42
-49
-55
-51
-51
-51
-46
-47
-40
-44
-55
-39
-47
-46
-44
-50
-38
-46
-44
-45
-48
-43
-48
-51
-48
-43
-44
-48
-40
-46
-40
-46
-44
-44
-45
-45
-40
-41
-46
-47
-38
-50
-43
-48
-44
-41
-54
-47
-50
-37
-37
-43
-43
-45
-37
-41
-40
-45
-44
-34
-44
-46
-43
-38
-38
-51
-45
-50
-36
-37
-37
-41
-40
-34
-44
-45
-41
-40
-38
-48
-38
-41
-44
-37
-48
-35
-40
-40
-37
-43
-42
-43
-42
-46
-40
-40
-40
-40
-42
-39
-38
-38
-112
-643
-1506
-2409
-3250
-3876
-4284
-4481
-4436
-4212
-4107
-4070
-3926
-3629
-3186
-2778
-2523
-2386
-2290
-2165
-1975
-1759
-1594
-1471
-1363
-1222
-1082
-980
-905
-836
-769
-687
-611
-518
-419
-321
-130
5
33
44
41
33
42
40
32
38
33
43
48
40
44
43
41
48
37
45
44
41
35
34
30
35
41
39
43
35
37
44
41
46
43
40
40
40
35
38
40
43
41
31
38
32
33
33
43
43
33
33
38
30
38
35
36
44
37
