44
38
28
39
35
38
33
32
33
31
34
35
33
40
35
22
34
25
34
36
37
38
38
24
38
33
39
37
35
41
33
39
38
25
30
29
30
36
31
34
28
32
33
31
29
39
31
38
147
759
1641
2551
3358
3895
4180
4287
4191
3982
3932
3955
3902
3732
3393
2991
2635
2371
2161
1957
1754
1574
1451
1344
1215
1088
995
923
873
816
757
710
630
569
509
424
305
155
16
-34
-44
-46
-48
-46
-47
-45
-52
-48
-55
-46
-54
-44
-39
-48
-50
-47
-54
-49
-50
-43
-45
-50
-42
-44
-47
-51
-44
-44
-45
-47
-51
-49
-44
-44
-44
-50
-48
-42
-42
-41
-40
-44
-44
-45
-49
-47
-45
-40
-43
-44
-34
-45
-45
-41
-40
-45
-43
-44
-40
-41
-37
-41
-41
-46
-50
-48
-43
-47
-50
-41
-39
-43
-43
-43
-38
-39
-43
-38
-40
-38
-45
-37
-33
-43
-41
-42
-40
-44
-36
-41
-40
-37
-34
-34
-44
-40
-37
-38
-31
-48
-186
-834
-1683
-2571
-3342
-3860
-4140
-4257
-4170
-3955
-3890
-3893
-3843
-3696
-3481
-3153
-2722
-2370
-2112
-1890
-1702
-1557
-1438
-1304
-1166
-1043
-955
-895
-838
-787
-730
-668
-609
-536
-458
-358
-206
-60
27
48
39
41
41
40
43
35
44
45
38
51
41
40
38
36
37
33
33
46
40
35
36
39
36
35
27
38
34
33
34
40
46
33
30
41
38
41
37
37
42
31
33
44
38
38
41
33
34
36
35
34
38
39
