33
41
36
40
40
41
37
35
38
41
32
36
39
39
38
36
37
43
35
38
33
33
37
31
35
44
47
43
37
36
38
30
34
30
35
35
32
41
33
31
36
35
32
33
31
34
31
156
764
1626
2527
3341
3890
4183
4301
4183
3960
3899
3906
3820
3633
3331
2965
2619
2386
2235
2058
1829
1626
1482
1363
1239
1108
999
938
880
829
770
710
638
573
507
421
295
141
4
-40
-41
-43
-41
-50
-38
-40
-38
-48
-45
-48
-45
-41
-50
-40
-40
-44
-43
-51
-44
-50
-45
-40
-40
-40
-44
-35
-51
-41
-36
-39
-39
-48
-43
-47
-44
-42
-41
-45
-48
-43
-41
-37
-39
-41
-38
-44
-34
-42
-41
-36
-40
-42
-50
-44
-44
-41
-40
-41
-37
-37
-42
-39
-40
-40
-38
-43
-45
-45
-32
-40
-41
-41
-41
-37
-41
-40
-43
-43
-41
-41
-29
-39
-43
-44
-37
-29
-37
-34
-43
-41
-37
-34
-33
-42
-39
-33
-40
-28
-39
-46
-198
-859
-1738
-2639
-3427
-3952
-4225
-4339
-4213
-4002
-3966
-3965
-3857
-3600
-3189
-2772
-2492
-2348
-2216
-2033
-1819
-1624
-1477
-1354
-1207
-1078
-976
-916
-858
-805
-761
-697
-624
-561
-502
-406
-276
-114
8
34
48
45
44
36
35
37
42
47
41
42
40
35
42
35
41
41
39
46
37
35
39
38
43
47
40
47
43
37
41
38
38
41
44
45
33
36
37
41
45
44
38
37
35
38
33
31
37
31
38
47
38
34
35
