43
39
41
41
51
51
51
43
40
48
43
48
41
41
42
44
50
36
41
39
38
43
45
39
38
43
39
39
41
40
45
37
47
50
40
40
38
40
44
40
40
38
38
38
41
42
50
280
990
1815
2647
3346
3799
4041
4149
4084
3886
3835
3833
3745
3570
3319
2940
2573
2363
2231
2081
1877
1664
1507
1383
1260
1122
1011
929
864
810
747
693
621
546
466
362
222
67
-21
-38
-37
-35
-31
-33
-37
-40
-41
-41
-34
-38
-31
-34
-34
-28
-44
-44
-40
-38
-40
-42
-38
-42
-45
-38
-33
-32
-41
-41
-44
-30
-42
-40
-38
-37
-33
-38
-38
-34
-37
-33
-37
-38
-37
-31
-37
-38
-37
-38
-29
-31
-40
-25
-35
-41
-35
-40
-34
-36
-33
-47
-42
-39
-37
-34
-37
-36
-25
-28
-31
-36
-33
-34
-32
-30
-31
-30
-32
-35
-36
-39
-36
-38
-33
-31
-34
-35
-38
-41
-40
-40
-35
-33
-32
-38
-34
-33
-41
-40
-35
-48
-409
-1182
-2025
-2867
-3534
-3941
-4151
-4203
-4049
-3885
-3874
-3864
-3759
-3569
-3264
-2847
-2488
-2285
-2126
-1957
-1767
-1608
-1479
-1354
-1220
-1085
-994
-926
-873
-821
-762
-695
-632
-566
-490
-411
-287
-131
15
48
44
45
47
51
47
55
51
43
51
49
49
47
46
43
48
45
45
43
46
48
47
41
53
52
51
46
40
51
40
46
53
41
44
50
45
47
44
37
47
44
48
43
49
48
44
43
38
41
43
40
51
48
41
