45
45
40
39
35
44
39
35
54
49
35
38
39
30
35
40
44
40
43
40
33
38
41
36
35
37
33
42
37
27
38
42
36
28
46
34
28
40
41
30
36
30
39
37
39
39
48
324
1073
1940
2829
3530
3945
4154
4203
4047
3851
3822
3839
3777
3600
3245
2820
2489
2299
2160
1975
1752
1567
1447
1333
1213
1083
987
909
855
803
751
693
641
581
517
432
297
126
-2
-39
-46
-44
-41
-41
-44
-38
-44
-45
-40
-49
-37
-35
-36
-39
-47
-37
-41
-50
-44
-35
-44
-45
-34
-45
-37
-41
-43
-38
-41
-39
-35
-43
-40
-37
-30
-40
-45
-38
-37
-31
-36
-41
-34
-28
-32
-38
-38
-41
-38
-37
-43
-30
-38
-26
-38
-45
-34
-35
-35
-44
-34
-35
-45
-38
-37
-32
-35
-39
-26
-40
-40
-35
-44
-40
-40
-32
-33
-32
-30
-30
-34
-35
-41
-40
-32
-33
-34
-28
-35
-40
-33
-38
-30
-35
-28
-35
-35
-32
-37
-48
-292
-1023
-1881
-2731
-3418
-3875
-4131
-4210
-4060
-3850
-3797
-3801
-3734
-3598
-3394
-3043
-2645
-2363
-2156
-1963
-1748
-1555
-1418
-1306
-1175
-1050
-957
-885
-836
-778
-719
-674
-613
-547
-466
-371
-243
-109
9
39
47
45
43
57
46
32
42
41
43
39
43
47
44
42
44
38
47
37
37
45
44
42
40
39
47
41
43
37
44
45
40
40
41
43
38
41
37
41
44
45
40
34
42
43
35
34
39
41
41
30
41
36
39
