41
44
41
39
39
40
38
36
47
41
45
46
35
38
31
43
40
36
37
32
36
33
30
31
35
37
37
42
31
33
37
38
28
31
35
31
27
34
34
38
31
33
38
37
39
40
31
195
829
1716
2701
3638
4291
4631
4659
4386
4159
4161
4122
3956
3697
3323
2865
2500
2229
2027
1830
1626
1484
1389
1273
1142
1029
956
903
852
770
693
605
519
380
238
109
-10
-47
-47
-48
-42
-46
-40
-49
-50
-48
-50
-44
-45
-47
-48
-44
-40
-48
-45
-44
-37
-41
-37
-41
-43
-38
-38
-37
-36
-45
-44
-44
-48
-43
-40
-38
-43
-38
-44
-44
-39
-43
-35
-44
-37
-41
-40
-37
-41
-38
-40
-37
-40
-44
-33
-42
-40
-38
-37
-33
-42
-38
-41
-35
-39
-40
-38
-45
-35
-35
-47
-33
-45
-35
-44
-43
-42
-34
-31
-37
-33
-41
-45
-39
-42
-31
-40
-34
-40
-37
-33
-38
-38
-33
-37
-35
-38
-41
-47
-45
-36
-35
-38
-50
-256
-942
-1848
-2869
-3793
-4385
-4645
-4610
-4305
-4114
-4110
-4044
-3883
-3621
-3229
-2781
-2465
-2236
-2040
-1827
-1631
-1491
-1376
-1245
-1107
-1006
-922
-874
-812
-733
-655
-563
-470
-301
-163
-51
36
39
40
44
41
36
41
48
42
38
43
38
41
44
46
43
45
38
41
48
38
38
37
40
43
45
48
38
28
40
37
35
40
41
33
41
44
45
41
40
37
32
35
40
31
37
40
35
44
45
39
39
35
35
30
34
35
