41
41
36
48
37
40
37
32
38
33
43
38
36
39
40
38
38
40
46
44
38
42
43
39
35
34
33
37
43
39
31
35
28
31
35
38
36
38
38
34
39
40
45
40
43
36
33
46
225
862
1718
2669
3517
4066
4332
4365
4201
4036
4086
4154
4106
3876
3447
3010
2617
2304
2044
1794
1576
1441
1334
1186
1060
970
882
830
777
716
651
596
520
438
328
190
45
-29
-38
-44
-47
-48
-45
-43
-43
-38
-38
-30
-44
-38
-38
-40
-39
-42
-39
-38
-37
-41
-39
-34
-47
-49
-50
-45
-40
-41
-42
-38
-49
-39
-43
-41
-50
-39
-40
-46
-38
-42
-41
-37
-37
-31
-41
-31
-37
-37
-31
-40
-39
-49
-43
-35
-36
-37
-38
-36
-38
-38
-31
-43
-33
-38
-38
-40
-29
-34
-45
-43
-35
-37
-32
-41
-40
-39
-35
-41
-38
-34
-35
-31
-41
-38
-31
-37
-26
-38
-34
-40
-39
-34
-40
-34
-33
-37
-24
-33
-33
-40
-35
-61
-367
-1066
-1938
-2888
-3677
-4182
-4410
-4394
-4147
-4002
-4053
-4103
-4055
-3875
-3510
-2998
-2528
-2183
-1935
-1721
-1552
-1416
-1274
-1121
-1011
-929
-879
-825
-769
-707
-637
-570
-487
-391
-264
-112
10
35
40
46
48
37
33
43
45
50
50
37
48
40
50
46
37
45
40
45
51
49
41
37
28
43
48
37
47
44
42
41
44
40
43
43
43
44
36
40
38
40
44
40
35
30
40
39
41
40
41
41
44
41
44
36
