25
28
31
31
33
35
38
40
38
35
32
30
29
35
31
32
27
29
37
31
38
34
31
33
26
21
41
34
35
28
31
36
30
36
33
32
34
32
27
30
29
34
34
28
25
24
39
219
861
1724
2693
3573
4174
4467
4487
4243
4068
4116
4140
4048
3784
3375
2963
2612
2332
2069
1795
1594
1456
1326
1164
1043
959
898
842
784
727
665
601
536
468
375
244
84
-34
-57
-51
-56
-47
-48
-53
-51
-50
-49
-45
-39
-43
-51
-48
-52
-47
-52
-44
-51
-53
-50
-53
-42
-48
-50
-41
-43
-43
-48
-43
-46
-45
-47
-41
-45
-41
-47
-42
-41
-44
-47
-40
-43
-52
-43
-40
-41
-38
-43
-40
-38
-41
-44
-46
-45
-48
-36
-38
-41
-43
-41
-49
-53
-46
-50
-41
-44
-47
-46
-49
-41
-47
-44
-45
-38
-40
-41
-46
-43
-33
-43
-47
-37
-43
-41
-42
-37
-36
-47
-37
-41
-48
-40
-40
-31
-36
-39
-44
-47
-46
-43
-57
-373
-1103
-1979
-2926
-3723
-4223
-4439
-4390
-4123
-3992
-4010
-3968
-3840
-3682
-3454
-3074
-2625
-2229
-1929
-1707
-1542
-1419
-1288
-1143
-1014
-934
-871
-815
-757
-703
-640
-570
-498
-416
-294
-148
-5
30
40
44
38
33
36
35
38
35
45
42
37
43
35
41
40
36
35
32
29
35
38
33
39
45
41
42
34
41
37
40
43
34
31
31
31
34
35
37
35
35
40
33
42
37
33
49
38
41
43
35
30
35
42
40
35
