45
43
38
39
41
49
45
45
41
44
31
34
36
34
44
38
48
37
36
39
43
32
42
42
43
35
27
41
34
37
35
30
34
33
38
35
43
43
39
35
38
43
38
36
39
46
77
478
1327
2251
3141
3843
4283
4479
4423
4149
3978
3923
3777
3519
3155
2745
2458
2293
2204
2144
2011
1805
1607
1465
1346
1244
1147
1031
927
849
795
744
697
645
546
364
101
-27
-43
-38
-44
-41
-46
-42
-34
-44
-50
-44
-41
-34
-39
-36
-40
-40
-34
-31
-31
-30
-34
-30
-38
-40
-43
-40
-35
-32
-31
-47
-38
-39
-48
-35
-42
-35
-35
-32
-33
-36
-38
-40
-34
-36
-35
-35
-35
-31
-39
-38
-39
-35
-38
-36
-40
-50
-38
-35
-45
-39
-31
-33
-26
-37
-33
-43
-42
-31
-39
-33
-39
-40
-38
-40
-41
-42
-39
-37
-29
-30
-30
-25
-37
-35
-38
-38
-33
-30
-27
-27
-27
-33
-36
-32
-37
-34
-30
-37
-33
-30
-29
-35
-88
-562
-1448
-2396
-3300
-3942
-4318
-4506
-4439
-4167
-4024
-3971
-3844
-3608
-3301
-2946
-2591
-2306
-2123
-2003
-1856
-1673
-1527
-1415
-1316
-1215
-1090
-970
-885
-832
-776
-729
-685
-625
-530
-367
-113
22
37
50
50
44
39
46
45
53
51
51
45
43
44
39
45
48
42
47
48
49
45
44
44
40
38
47
48
43
44
41
42
41
41
51
38
42
42
41
33
35
38
45
43
47
42
50
48
44
46
45
36
39
44
43
39
38
