37
33
38
38
38
35
33
37
44
35
29
45
38
38
35
33
43
30
34
27
35
40
31
32
38
26
37
34
37
38
28
37
40
33
40
30
34
41
36
41
37
37
28
30
35
41
212
882
1800
2818
3747
4380
4672
4660
4358
4137
4118
4029
3833
3533
3181
2862
2580
2321
2083
1838
1623
1476
1383
1264
1131
1020
943
883
834
753
672
585
487
344
204
63
-34
-54
-50
-49
-40
-45
-49
-41
-54
-53
-50
-45
-48
-45
-44
-53
-50
-51
-46
-44
-44
-44
-44
-43
-44
-45
-47
-47
-43
-50
-48
-32
-41
-33
-42
-39
-38
-38
-36
-41
-40
-44
-37
-44
-45
-38
-44
-33
-41
-41
-41
-49
-37
-40
-44
-41
-40
-35
-41
-40
-37
-40
-34
-41
-29
-41
-44
-38
-47
-34
-40
-38
-43
-43
-35
-42
-38
-41
-41
-31
-35
-34
-37
-28
-37
-41
-37
-35
-33
-35
-35
-37
-41
-41
-43
-40
-40
-41
-35
-38
-29
-38
-36
-42
-298
-1020
-1936
-2936
-3825
-4415
-4703
-4658
-4359
-4198
-4192
-4121
-3943
-3699
-3351
-2866
-2427
-2099
-1850
-1656
-1505
-1406
-1313
-1198
-1080
-989
-926
-879
-816
-729
-644
-548
-444
-272
-172
-21
38
51
53
48
43
39
41
41
40
36
35
46
41
37
42
34
31
44
41
42
41
42
43
41
39
43
38
40
36
41
31
38
37
33
44
47
37
39
34
40
38
36
38
45
37
38
43
38
36
28
45
39
33
41
43
38
43
43
