47
35
33
38
37
40
38
44
39
35
44
41
29
34
45
40
44
33
32
47
40
38
38
40
39
33
35
37
36
48
38
38
38
33
39
40
35
35
38
35
33
29
37
35
37
40
40
181
843
1716
2589
3348
3850
4129
4223
4133
3908
3846
3842
3780
3626
3379
2977
2576
2338
2192
2035
1842
1640
1493
1384
1268
1129
1014
925
865
810
750
693
630
568
493
396
244
78
-20
-34
-41
-48
-41
-38
-38
-40
-51
-48
-45
-49
-43
-43
-38
-50
-40
-30
-38
-40
-45
-43
-46
-43
-45
-40
-44
-38
-45
-43
-47
-40
-45
-43
-41
-45
-47
-51
-38
-37
-38
-36
-39
-35
-39
-40
-44
-37
-38
-39
-37
-37
-45
-40
-42
-44
-37
-33
-37
-38
-37
-38
-38
-44
-33
-31
-34
-30
-44
-31
-38
-38
-32
-41
-34
-41
-36
-34
-40
-37
-35
-33
-32
-35
-30
-43
-38
-43
-36
-31
-34
-34
-41
-30
-36
-38
-38
-43
-31
-38
-33
-43
-231
-934
-1824
-2741
-3499
-3996
-4256
-4344
-4173
-3968
-3936
-3934
-3813
-3603
-3295
-2917
-2554
-2294
-2119
-1936
-1753
-1586
-1452
-1321
-1184
-1055
-965
-907
-856
-801
-744
-674
-618
-542
-473
-374
-235
-73
33
45
49
44
39
41
41
41
42
39
38
51
44
53
48
46
51
42
48
51
46
45
39
39
43
41
47
49
49
47
44
37
40
52
47
39
43
38
36
43
41
38
44
44
34
44
43
43
32
45
41
35
41
42
37
