37
28
34
37
33
35
34
33
39
43
35
43
38
37
35
35
41
35
35
38
33
37
34
27
34
37
35
28
30
41
34
33
39
28
33
36
35
28
26
33
34
37
38
31
28
28
27
128
679
1561
2487
3318
3892
4197
4327
4230
4011
3988
4047
3998
3812
3483
3068
2676
2408
2211
1984
1756
1565
1443
1319
1167
1050
961
905
849
802
750
688
624
556
483
390
245
78
-17
-36
-54
-43
-48
-47
-47
-41
-47
-48
-39
-45
-47
-43
-51
-43
-50
-49
-50
-43
-41
-51
-41
-46
-45
-44
-50
-48
-45
-45
-39
-42
-47
-54
-39
-46
-35
-37
-41
-37
-48
-43
-43
-41
-48
-42
-46
-44
-46
-45
-42
-36
-38
-43
-53
-46
-40
-45
-46
-41
-34
-36
-43
-35
-37
-43
-48
-47
-41
-41
-41
-44
-44
-43
-47
-40
-39
-30
-40
-35
-43
-43
-37
-43
-33
-39
-41
-40
-43
-39
-43
-38
-35
-30
-38
-43
-43
-41
-39
-37
-38
-34
-114
-645
-1516
-2416
-3262
-3867
-4198
-4326
-4229
-3988
-3935
-3977
-3944
-3772
-3470
-3048
-2662
-2411
-2231
-2034
-1798
-1589
-1435
-1296
-1156
-1034
-934
-876
-816
-762
-717
-653
-587
-508
-422
-280
-115
9
47
38
34
37
34
35
35
28
38
39
45
42
35
38
39
38
44
38
36
44
37
39
44
47
41
38
37
39
35
38
37
35
41
34
37
38
35
35
28
33
39
34
44
41
35
39
41
41
43
38
34
26
33
40
35
