31
32
27
37
38
29
33
34
27
37
34
33
38
30
34
37
30
41
38
27
35
36
32
34
29
36
34
27
22
31
30
37
29
37
33
28
27
23
35
18
27
31
28
30
33
31
91
588
1429
2277
3042
3581
3896
4049
4076
3906
3780
3789
3760
3614
3311
2917
2589
2401
2303
2223
2088
1868
1650
1481
1344
1205
1077
976
902
845
790
742
674
607
547
475
354
213
65
-32
-45
-44
-44
-46
-44
-40
-49
-45
-44
-44
-43
-48
-48
-48
-42
-54
-43
-41
-51
-54
-52
-49
-48
-44
-46
-52
-45
-50
-40
-49
-40
-43
-49
-43
-44
-41
-42
-39
-42
-51
-47
-44
-43
-50
-44
-41
-43
-40
-48
-49
-45
-45
-45
-51
-46
-45
-50
-42
-45
-43
-42
-35
-41
-48
-35
-41
-35
-31
-45
-43
-44
-39
-51
-47
-44
-37
-45
-42
-38
-48
-47
-42
-48
-47
-44
-40
-43
-40
-34
-39
-34
-45
-42
-37
-48
-41
-41
-41
-37
-42
-194
-849
-1684
-2513
-3207
-3689
-3976
-4100
-4050
-3849
-3763
-3777
-3697
-3515
-3242
-2943
-2658
-2436
-2290
-2152
-1959
-1738
-1564
-1427
-1292
-1148
-1037
-954
-896
-834
-785
-729
-670
-600
-535
-456
-317
-168
-18
38
53
44
39
43
37
43
28
32
37
35
37
40
37
38
35
36
36
39
37
37
35
43
42
40
42
40
44
34
39
37
35
45
39
37
37
47
37
31
27
40
35
39
42
41
33
35
30
31
26
33
38
31
38
35
