38
44
44
35
40
45
34
44
38
34
41
44
44
42
44
45
45
50
46
41
44
43
48
42
37
34
43
37
41
39
35
43
38
43
38
39
40
41
43
43
39
38
42
40
35
33
40
40
170
750
1584
2470
3264
3803
4086
4195
4175
4030
4038
4168
4200
4058
3689
3218
2825
2517
2201
1887
1642
1504
1398
1256
1110
1001
909
837
775
724
658
587
503
398
269
104
-20
-44
-42
-38
-44
-35
-40
-45
-38
-47
-38
-34
-37
-31
-41
-37
-38
-39
-38
-29
-32
-41
-40
-41
-29
-37
-40
-31
-36
-30
-37
-34
-35
-38
-29
-45
-32
-28
-38
-28
-41
-41
-38
-34
-29
-40
-37
-37
-38
-38
-33
-32
-43
-38
-32
-29
-35
-40
-36
-36
-39
-34
-37
-35
-35
-34
-38
-32
-33
-36
-34
-35
-38
-34
-31
-24
-35
-35
-37
-35
-33
-45
-38
-25
-31
-36
-38
-33
-33
-33
-30
-37
-31
-33
-32
-30
-30
-32
-41
-30
-30
-28
-28
-47
-268
-988
-1885
-2795
-3530
-3994
-4261
-4357
-4243
-4098
-4176
-4277
-4215
-4000
-3611
-3139
-2722
-2386
-2054
-1755
-1574
-1445
-1298
-1138
-1033
-964
-902
-842
-785
-719
-648
-584
-519
-445
-343
-201
-47
36
46
50
47
47
51
44
44
46
42
45
45
45
53
46
46
43
40
48
40
45
40
45
51
50
50
47
41
48
48
43
50
41
41
55
51
44
43
44
39
43
44
45
35
41
41
43
44
38
36
47
44
44
40
43
