40
36
40
52
41
40
40
38
41
43
37
35
30
45
32
38
35
39
41
37
35
42
40
40
40
36
39
34
31
36
43
37
38
43
39
38
35
37
33
40
34
40
40
36
33
39
51
342
1123
2009
2876
3599
4060
4296
4343
4150
3993
4038
4044
3907
3700
3381
2952
2559
2277
2042
1807
1616
1481
1351
1205
1070
977
911
864
811
762
701
636
567
498
382
229
66
-21
-45
-50
-45
-47
-40
-47
-44
-43
-41
-41
-51
-35
-43
-40
-47
-40
-39
-44
-43
-42
-49
-43
-41
-32
-40
-45
-40
-31
-37
-36
-25
-39
-45
-44
-53
-44
-47
-44
-43
-42
-34
-45
-37
-40
-39
-35
-45
-33
-41
-41
-47
-40
-33
-39
-40
-44
-34
-31
-37
-38
-40
-37
-41
-43
-37
-40
-37
-40
-36
-36
-34
-41
-40
-31
-37
-35
-28
-38
-34
-39
-35
-30
-31
-27
-38
-39
-36
-43
-33
-35
-34
-38
-31
-35
-43
-32
-33
-34
-40
-30
-25
-47
-345
-1132
-2059
-2959
-3682
-4117
-4334
-4362
-4164
-4027
-4077
-4098
-4008
-3762
-3345
-2879
-2494
-2237
-2016
-1805
-1618
-1484
-1353
-1199
-1059
-958
-900
-849
-789
-733
-675
-608
-549
-477
-374
-226
-68
21
39
38
38
45
47
50
43
47
47
45
42
45
46
43
33
34
35
40
46
45
40
36
43
44
48
43
38
37
40
44
50
41
43
48
52
39
47
40
34
38
39
34
41
37
38
38
45
40
41
38
40
43
40
37
33
