38
41
39
34
30
39
38
38
44
35
39
28
35
39
36
29
30
29
38
32
40
40
50
43
44
34
38
35
32
35
32
40
34
35
51
31
37
34
25
25
30
28
31
29
32
110
666
1621
2602
3519
4177
4549
4692
4538
4364
4334
4285
4094
3787
3385
2935
2548
2255
2004
1779
1585
1383
1205
1068
954
861
833
795
760
713
670
632
584
526
460
376
228
66
-20
-38
-41
-45
-44
-45
-45
-50
-53
-43
-50
-41
-48
-48
-44
-43
-42
-47
-44
-45
-34
-38
-57
-41
-46
-38
-45
-44
-41
-50
-44
-44
-43
-38
-41
-45
-45
-40
-43
-40
-41
-37
-37
-44
-35
-33
-43
-36
-43
-44
-48
-42
-42
-47
-43
-42
-43
-46
-47
-41
-38
-33
-46
-43
-40
-40
-41
-41
-47
-48
-44
-31
-45
-34
-41
-39
-41
-43
-38
-36
-37
-41
-38
-37
-39
-39
-45
-45
-41
-43
-36
-41
-44
-39
-30
-34
-37
-35
-43
-29
-30
-45
-321
-1151
-2137
-3113
-3918
-4420
-4663
-4637
-4400
-4279
-4256
-4150
-3910
-3491
-3067
-2734
-2431
-2178
-1956
-1757
-1558
-1352
-1168
-1043
-937
-873
-849
-813
-766
-721
-686
-641
-589
-539
-490
-403
-278
-124
6
38
40
42
36
51
42
42
45
41
46
40
43
44
37
47
45
46
48
41
34
38
42
37
38
47
42
41
44
34
37
38
38
35
36
40
43
42
40
40
30
41
40
37
44
45
38
44
37
36
34
34
43
39
39
45
34
