35
38
32
31
38
41
38
43
44
38
42
38
38
40
40
35
41
43
42
37
41
37
38
34
35
31
33
35
41
35
43
34
33
38
39
40
38
34
42
40
47
43
37
40
43
38
47
97
566
1383
2231
3034
3623
3951
4089
4070
3873
3736
3732
3703
3570
3351
3028
2672
2416
2283
2189
2042
1819
1630
1486
1362
1213
1085
990
908
846
797
740
671
607
549
472
394
265
124
0
-46
-50
-41
-45
-35
-37
-44
-45
-42
-46
-41
-40
-40
-40
-42
-33
-37
-40
-40
-43
-41
-40
-35
-40
-41
-37
-42
-40
-40
-35
-34
-41
-32
-41
-33
-38
-28
-35
-38
-34
-43
-43
-35
-41
-39
-33
-37
-35
-38
-37
-35
-28
-44
-41
-35
-36
-35
-37
-40
-41
-40
-30
-35
-25
-38
-38
-41
-32
-33
-43
-39
-37
-40
-40
-38
-37
-32
-30
-33
-30
-30
-31
-36
-37
-33
-40
-35
-25
-36
-41
-28
-34
-40
-44
-33
-28
-29
-34
-30
-37
-88
-562
-1384
-2227
-3000
-3540
-3837
-3977
-4025
-3886
-3748
-3761
-3738
-3631
-3458
-3211
-2850
-2487
-2256
-2098
-1954
-1772
-1597
-1452
-1330
-1199
-1078
-974
-897
-842
-796
-737
-671
-609
-551
-483
-391
-281
-139
-17
41
40
44
45
41
41
45
43
41
47
45
46
44
40
42
47
44
35
40
47
45
47
41
41
42
41
43
45
37
45
41
44
43
41
40
47
42
38
39
38
44
41
40
42
41
36
34
40
38
37
42
43
41
