47
49
44
37
37
43
46
44
36
42
43
44
49
43
46
50
40
38
37
41
40
42
37
41
31
37
38
45
43
45
43
36
35
36
34
33
40
38
34
43
39
43
40
45
32
37
69
405
1145
2085
3048
3824
4278
4456
4377
4122
4022
4073
4071
3971
3739
3313
2829
2466
2187
1906
1659
1485
1362
1257
1130
1007
914
849
792
739
681
626
557
477
371
247
83
-23
-43
-43
-37
-37
-43
-33
-34
-37
-43
-42
-44
-35
-36
-34
-33
-38
-35
-33
-43
-31
-34
-31
-37
-38
-41
-38
-25
-32
-38
-32
-35
-36
-34
-37
-34
-36
-35
-33
-35
-37
-42
-35
-31
-30
-25
-38
-35
-37
-37
-47
-40
-31
-40
-37
-33
-35
-34
-29
-26
-32
-27
-30
-35
-41
-41
-38
-37
-34
-43
-38
-33
-27
-25
-36
-31
-31
-37
-35
-35
-33
-35
-37
-31
-38
-35
-31
-36
-33
-32
-33
-38
-34
-34
-39
-22
-33
-31
-36
-32
-31
-40
-33
-144
-700
-1521
-2484
-3434
-4095
-4461
-4567
-4363
-4072
-3987
-4044
-4036
-3907
-3586
-3126
-2726
-2417
-2139
-1856
-1638
-1489
-1347
-1189
-1050
-961
-905
-855
-799
-734
-677
-617
-551
-476
-388
-265
-73
37
49
53
54
46
47
45
47
50
37
40
43
43
49
50
47
41
45
40
37
40
41
39
44
50
52
48
54
50
49
45
45
50
46
47
40
44
41
40
44
47
41
54
48
41
40
41
48
51
42
41
38
44
43
41
43
47
