37
27
33
31
36
44
34
40
43
35
35
30
32
36
29
35
37
31
41
38
37
35
36
38
38
37
33
30
38
40
29
41
33
29
30
31
33
38
37
34
32
33
33
33
38
37
116
640
1469
2313
3063
3588
3901
4030
4028
3858
3745
3771
3727
3568
3351
3133
2825
2495
2270
2108
1929
1716
1541
1417
1322
1225
1118
1006
910
836
770
716
661
608
549
489
407
304
176
48
-37
-47
-48
-45
-50
-46
-44
-51
-50
-46
-41
-50
-47
-41
-50
-49
-56
-40
-50
-45
-47
-42
-40
-47
-47
-53
-51
-39
-45
-44
-43
-42
-43
-47
-43
-46
-35
-43
-43
-40
-41
-38
-47
-45
-46
-47
-38
-44
-41
-41
-45
-41
-39
-34
-45
-40
-40
-35
-39
-40
-41
-43
-41
-31
-42
-37
-39
-45
-45
-45
-39
-42
-38
-43
-41
-38
-43
-50
-44
-40
-41
-43
-43
-51
-37
-38
-37
-34
-37
-40
-35
-36
-45
-40
-33
-44
-35
-37
-33
-40
-97
-564
-1409
-2267
-3059
-3633
-3960
-4099
-4083
-3888
-3778
-3820
-3788
-3629
-3354
-2990
-2626
-2378
-2257
-2147
-1980
-1769
-1581
-1449
-1337
-1232
-1104
-995
-897
-817
-759
-720
-655
-609
-548
-487
-398
-285
-149
-7
40
45
51
44
38
34
38
47
44
36
40
45
45
41
43
44
35
36
41
37
35
37
37
43
37
40
38
38
42
41
46
44
41
44
35
39
41
37
38
36
29
38
35
35
35
37
43
37
34
43
29
34
37
37
