33
31
31
38
41
40
35
32
34
42
34
38
35
35
48
40
37
37
33
36
36
38
39
27
40
30
35
43
41
37
31
33
43
31
29
27
31
41
37
34
45
38
40
33
32
41
38
236
946
1836
2676
3364
3806
4057
4152
4058
3864
3819
3858
3811
3593
3289
2982
2703
2480
2276
2066
1825
1621
1469
1358
1237
1113
998
922
859
801
745
687
621
560
506
414
277
105
-12
-43
-47
-43
-48
-44
-48
-43
-46
-44
-47
-51
-46
-44
-43
-51
-45
-41
-48
-44
-40
-43
-44
-41
-38
-47
-47
-41
-45
-45
-53
-44
-43
-47
-41
-40
-37
-44
-42
-34
-41
-35
-35
-37
-43
-46
-37
-43
-38
-46
-42
-34
-37
-32
-41
-38
-34
-44
-37
-38
-46
-40
-40
-30
-38
-36
-37
-38
-40
-43
-31
-41
-41
-40
-44
-36
-41
-35
-40
-33
-42
-42
-35
-33
-42
-45
-38
-37
-40
-34
-36
-35
-34
-34
-31
-40
-32
-37
-33
-31
-33
-78
-503
-1306
-2127
-2897
-3504
-3889
-4105
-4151
-3997
-3837
-3832
-3820
-3714
-3513
-3210
-2879
-2603
-2363
-2145
-1941
-1758
-1594
-1463
-1337
-1201
-1068
-971
-908
-846
-790
-741
-680
-614
-548
-467
-361
-225
-70
21
51
47
46
40
35
40
40
37
44
38
44
35
41
38
35
37
41
38
31
39
45
43
37
40
40
30
41
46
47
45
28
37
35
35
42
37
36
33
34
35
36
37
37
37
39
36
41
41
37
40
37
40
45
37
