39
34
30
33
40
43
40
37
38
42
34
42
36
33
44
40
38
38
31
44
34
38
38
39
41
43
33
34
35
31
38
32
35
38
36
34
39
41
37
40
37
33
34
39
35
40
61
400
1182
2157
3194
4039
4530
4724
4576
4258
4157
4175
4091
3878
3521
3119
2755
2438
2200
1963
1719
1554
1443
1323
1185
1063
970
904
858
780
690
601
511
345
191
69
-24
-41
-38
-36
-37
-43
-46
-44
-45
-45
-45
-44
-48
-49
-42
-37
-43
-37
-42
-41
-41
-43
-38
-43
-42
-41
-35
-41
-45
-38
-41
-40
-41
-43
-39
-44
-43
-43
-38
-37
-47
-37
-53
-43
-38
-47
-49
-44
-33
-35
-34
-40
-35
-35
-37
-37
-37
-36
-35
-41
-35
-41
-36
-43
-40
-34
-43
-35
-38
-42
-28
-37
-36
-30
-42
-38
-40
-33
-40
-35
-30
-40
-35
-36
-31
-38
-40
-43
-41
-33
-39
-38
-40
-37
-37
-42
-38
-41
-30
-34
-35
-36
-40
-40
-116
-636
-1491
-2508
-3509
-4258
-4663
-4754
-4515
-4243
-4198
-4159
-4010
-3791
-3510
-3121
-2662
-2253
-1973
-1768
-1593
-1476
-1384
-1260
-1128
-1017
-945
-882
-833
-756
-686
-597
-509
-355
-243
-113
9
43
40
49
38
37
48
48
47
47
47
48
49
39
48
43
44
43
42
42
34
40
43
35
48
49
33
45
46
44
52
41
37
34
41
43
32
35
39
34
49
39
32
40
40
40
34
40
36
35
35
44
35
44
41
43
41
44
