36
47
39
42
44
38
42
43
47
43
35
40
38
38
37
31
37
39
40
50
37
41
40
40
41
45
30
40
39
35
37
37
37
35
42
40
41
48
37
33
40
38
40
43
34
33
40
212
850
1695
2605
3352
3823
4058
4150
4071
3869
3826
3880
3867
3738
3428
2966
2573
2343
2209
2039
1796
1603
1465
1337
1198
1066
968
899
836
793
732
674
608
547
479
390
264
131
5
-46
-37
-45
-43
-46
-45
-39
-39
-41
-40
-45
-42
-43
-46
-45
-34
-37
-44
-40
-35
-37
-43
-39
-34
-39
-38
-34
-36
-37
-41
-35
-41
-33
-41
-37
-40
-45
-41
-43
-44
-45
-42
-38
-40
-39
-42
-38
-37
-45
-37
-48
-35
-35
-34
-30
-35
-41
-44
-45
-39
-44
-36
-37
-33
-40
-39
-38
-40
-33
-36
-39
-33
-36
-33
-31
-39
-33
-32
-28
-39
-22
-33
-36
-34
-38
-34
-43
-39
-30
-30
-36
-41
-28
-35
-32
-37
-32
-33
-35
-33
-48
-325
-1043
-1887
-2735
-3417
-3828
-4031
-4103
-4012
-3858
-3874
-3911
-3862
-3688
-3344
-2891
-2511
-2287
-2151
-2005
-1796
-1607
-1453
-1314
-1163
-1044
-954
-893
-834
-781
-731
-672
-611
-551
-494
-421
-315
-166
-40
35
46
45
45
37
47
45
46
50
48
44
46
50
54
45
45
42
43
46
51
47
48
47
40
42
43
43
38
41
41
40
43
38
45
45
48
48
47
45
35
43
41
48
40
34
50
50
41
41
39
47
45
43
44
