34
37
40
33
35
43
33
40
34
30
34
28
32
38
40
40
32
35
41
27
31
33
30
34
33
34
35
31
41
35
34
31
39
41
24
32
35
33
39
34
31
33
31
35
37
107
650
1527
2467
3340
3982
4352
4502
4401
4140
4008
3954
3810
3550
3196
2851
2567
2372
2254
2125
1918
1690
1534
1417
1318
1221
1089
975
892
830
783
733
638
542
380
235
33
-37
-49
-47
-46
-54
-45
-50
-43
-44
-43
-50
-50
-47
-51
-52
-49
-46
-40
-43
-38
-50
-48
-42
-49
-43
-46
-45
-48
-53
-47
-41
-43
-48
-42
-48
-60
-54
-51
-44
-51
-44
-45
-44
-43
-47
-49
-47
-37
-41
-45
-35
-37
-40
-47
-43
-42
-47
-40
-42
-42
-39
-41
-43
-43
-43
-44
-45
-47
-50
-38
-39
-39
-39
-48
-39
-47
-44
-48
-41
-40
-41
-43
-44
-38
-43
-43
-36
-48
-44
-44
-40
-35
-45
-41
-54
-41
-46
-48
-38
-44
-41
-40
-49
-249
-967
-1890
-2832
-3625
-4172
-4464
-4540
-4328
-4118
-4028
-3922
-3693
-3382
-3000
-2622
-2359
-2221
-2137
-2053
-1882
-1658
-1492
-1383
-1278
-1165
-1049
-941
-864
-809
-768
-716
-634
-540
-371
-216
-48
25
42
51
38
38
35
38
41
44
45
43
37
41
43
44
40
37
44
41
35
36
33
35
42
41
37
38
38
38
25
37
38
30
34
28
26
39
38
44
31
37
40
35
36
35
28
35
37
35
43
35
40
33
36
31
36
38
37
