34
38
38
43
38
33
31
37
33
40
31
38
42
36
40
35
38
35
35
34
38
36
41
38
41
40
34
34
30
33
37
35
30
35
37
37
36
32
34
33
38
33
36
38
37
39
37
37
71
479
1300
2178
3018
3656
4018
4191
4224
4087
3987
4060
4120
4045
3817
3402
2936
2556
2263
1967
1679
1492
1397
1326
1214
1095
994
918
860
807
737
660
600
528
471
367
188
14
-42
-47
-43
-52
-48
-48
-48
-40
-44
-34
-43
-38
-47
-41
-38
-41
-42
-45
-44
-44
-47
-40
-48
-46
-48
-42
-44
-43
-36
-53
-51
-50
-43
-37
-45
-40
-41
-38
-34
-47
-40
-51
-48
-38
-37
-36
-41
-38
-44
-46
-40
-40
-43
-38
-40
-41
-39
-37
-49
-40
-44
-45
-43
-44
-43
-37
-38
-44
-38
-33
-40
-47
-43
-41
-38
-36
-34
-39
-37
-45
-41
-34
-42
-39
-39
-35
-42
-39
-30
-40
-40
-43
-38
-32
-38
-37
-43
-41
-41
-40
-38
-43
-90
-566
-1382
-2264
-3108
-3733
-4107
-4276
-4281
-4107
-4047
-4113
-4104
-3965
-3666
-3236
-2850
-2524
-2208
-1907
-1634
-1482
-1393
-1305
-1179
-1062
-977
-903
-849
-786
-722
-648
-585
-515
-443
-317
-152
-9
36
45
39
44
41
43
41
42
49
43
37
46
43
38
42
41
42
33
39
40
33
48
43
35
43
41
42
43
35
33
30
35
42
38
38
36
37
42
40
25
40
34
34
41
40
46
44
40
40
35
45
39
36
40
