45
42
47
41
40
47
39
39
33
36
37
39
44
44
47
46
44
39
46
44
41
32
38
38
38
47
37
41
40
34
43
44
34
32
35
37
40
35
35
43
40
41
40
40
33
30
100
532
1230
1976
2702
3298
3705
3975
4121
4062
4012
4058
4065
3951
3687
3339
3014
2764
2563
2321
2029
1794
1646
1548
1453
1317
1172
1062
949
858
779
696
589
474
378
203
54
-18
-39
-40
-43
-47
-40
-35
-37
-41
-34
-36
-44
-37
-41
-43
-50
-33
-37
-45
-37
-36
-40
-44
-39
-41
-39
-33
-37
-36
-46
-35
-38
-45
-37
-41
-37
-42
-41
-43
-42
-39
-45
-34
-34
-44
-36
-40
-35
-34
-45
-36
-40
-41
-34
-37
-40
-34
-32
-43
-44
-36
-37
-38
-43
-35
-37
-36
-40
-40
-41
-38
-33
-40
-35
-28
-41
-39
-33
-41
-31
-37
-29
-34
-36
-25
-34
-27
-43
-32
-31
-33
-37
-38
-32
-35
-25
-26
-33
-28
-30
-39
-40
-42
-135
-630
-1364
-2127
-2851
-3430
-3817
-4064
-4165
-4093
-4080
-4156
-4161
-3948
-3549
-3182
-2927
-2751
-2561
-2288
-1989
-1771
-1612
-1515
-1397
-1260
-1119
-1016
-918
-834
-748
-670
-559
-466
-377
-212
-38
36
44
47
47
49
43
51
47
48
54
46
47
50
45
54
54
45
41
34
35
42
39
43
38
41
45
41
44
38
38
47
41
40
42
46
45
43
49
51
44
41
40
45
41
44
37
42
47
47
40
38
44
38
38
47
42
40
