35
34
36
37
35
35
38
38
43
35
39
38
37
40
38
38
45
42
38
38
31
40
34
36
40
35
35
44
38
33
33
41
31
34
38
33
40
42
33
33
32
31
30
33
39
214
587
1159
1928
2722
3368
3865
4215
4409
4402
4200
4091
4080
3977
3733
3371
2927
2577
2355
2207
2107
1955
1743
1574
1453
1352
1235
1113
1002
911
852
776
716
633
561
465
364
241
65
-30
-43
-40
-40
-41
-48
-46
-44
-43
-44
-48
-41
-41
-41
-45
-43
-41
-45
-43
-45
-42
-44
-50
-50
-38
-44
-50
-30
-39
-39
-46
-43
-43
-42
-40
-38
-37
-43
-44
-40
-43
-45
-40
-38
-40
-41
-31
-28
-42
-40
-31
-34
-38
-45
-41
-41
-34
-38
-37
-40
-44
-41
-41
-39
-44
-36
-39
-40
-35
-36
-37
-38
-44
-38
-41
-35
-39
-48
-42
-40
-40
-40
-33
-31
-43
-33
-32
-34
-37
-31
-31
-37
-34
-41
-40
-40
-38
-37
-36
-37
-34
-37
-75
-498
-1354
-2261
-3156
-3825
-4248
-4452
-4429
-4198
-4084
-4063
-3946
-3697
-3345
-2920
-2574
-2352
-2215
-2083
-1901
-1700
-1546
-1446
-1341
-1240
-1106
-984
-895
-825
-757
-673
-581
-508
-383
-278
-137
2
33
34
30
44
43
47
45
41
45
44
35
43
39
39
41
49
45
38
34
40
41
37
40
42
37
42
39
43
45
42
41
38
35
37
45
45
43
43
42
39
37
45
31
37
43
34
34
30
31
38
33
37
35
35
44
36
