40
30
33
37
31
35
31
33
35
34
37
35
33
37
35
34
38
35
35
34
38
31
33
42
41
35
40
35
40
35
28
38
34
33
30
28
33
37
29
35
30
30
28
32
40
30
67
465
1320
2254
3125
3767
4113
4243
4183
3934
3751
3737
3741
3643
3487
3276
2953
2602
2284
1996
1783
1630
1478
1340
1229
1155
1069
981
877
792
729
657
595
521
416
272
122
3
-38
-43
-44
-43
-48
-41
-41
-43
-44
-47
-48
-45
-44
-50
-50
-44
-53
-41
-44
-44
-45
-42
-48
-48
-39
-48
-38
-40
-45
-40
-41
-42
-45
-41
-44
-54
-48
-47
-42
-35
-43
-43
-42
-38
-35
-46
-42
-45
-36
-41
-45
-43
-35
-44
-41
-39
-42
-41
-38
-44
-37
-41
-46
-47
-43
-36
-40
-36
-38
-34
-37
-42
-35
-44
-43
-41
-48
-35
-38
-41
-47
-40
-38
-46
-40
-43
-40
-35
-37
-43
-47
-32
-38
-27
-30
-36
-34
-36
-40
-46
-48
-36
-182
-840
-1743
-2673
-3457
-3968
-4234
-4309
-4159
-3906
-3830
-3837
-3758
-3589
-3326
-2978
-2640
-2373
-2169
-1983
-1795
-1616
-1463
-1346
-1235
-1120
-1002
-915
-838
-785
-742
-698
-631
-552
-457
-334
-175
-23
31
44
41
37
43
46
43
43
37
47
37
43
44
37
44
39
38
38
35
41
41
35
45
41
33
42
42
39
35
30
31
35
38
37
41
40
39
40
40
33
34
35
34
40
40
38
40
35
42
35
35
37
33
34
33
34
