43
45
41
41
31
34
43
37
40
34
33
42
36
40
38
35
40
35
31
32
38
42
38
36
43
37
36
34
34
35
36
30
34
39
36
40
42
34
37
41
38
37
30
35
38
41
148
757
1707
2744
3688
4328
4640
4660
4386
4126
4114
4112
3973
3735
3387
2956
2577
2295
2095
1884
1679
1528
1429
1317
1172
1052
968
915
846
751
646
539
424
223
100
-2
-40
-40
-43
-47
-49
-44
-45
-44
-43
-41
-40
-45
-43
-48
-46
-44
-46
-43
-48
-34
-37
-38
-38
-47
-34
-40
-35
-41
-48
-42
-42
-40
-37
-36
-30
-37
-36
-40
-46
-47
-38
-35
-35
-39
-38
-41
-31
-40
-43
-32
-33
-35
-43
-28
-45
-47
-31
-27
-37
-37
-31
-39
-38
-31
-37
-34
-44
-37
-33
-42
-44
-45
-36
-34
-31
-34
-47
-35
-38
-33
-37
-40
-37
-36
-38
-42
-39
-35
-28
-27
-34
-38
-41
-44
-41
-37
-34
-35
-31
-31
-40
-34
-37
-38
-221
-958
-1942
-2987
-3869
-4442
-4705
-4670
-4367
-4186
-4205
-4149
-3959
-3682
-3252
-2807
-2476
-2251
-2050
-1823
-1634
-1495
-1374
-1219
-1083
-985
-924
-882
-800
-701
-587
-473
-338
-134
-45
30
47
43
47
41
41
32
40
40
37
40
43
35
43
41
39
42
43
45
41
40
49
43
43
38
44
51
44
38
44
34
45
41
34
43
44
40
37
31
35
43
44
39
38
31
39
40
43
37
45
43
41
38
42
36
45
38
35
34
