43
41
44
40
31
37
35
38
46
45
37
35
29
34
39
33
34
37
32
38
40
44
37
32
43
31
41
41
33
38
37
38
35
33
37
37
42
38
30
34
37
38
37
37
37
36
38
215
875
1788
2835
3764
4378
4663
4644
4350
4153
4137
4080
3900
3625
3265
2821
2457
2200
2018
1802
1603
1481
1377
1264
1129
1019
942
900
828
734
654
564
449
312
219
60
-28
-37
-39
-38
-48
-46
-40
-37
-39
-42
-44
-38
-50
-39
-41
-43
-32
-37
-35
-44
-33
-41
-45
-38
-40
-42
-47
-36
-42
-36
-37
-34
-41
-44
-41
-37
-35
-38
-40
-37
-40
-41
-43
-41
-35
-37
-34
-35
-34
-37
-36
-31
-38
-45
-31
-31
-34
-35
-37
-38
-41
-38
-40
-33
-37
-41
-31
-43
-30
-41
-41
-40
-45
-34
-33
-42
-37
-37
-34
-33
-29
-32
-43
-34
-38
-36
-37
-32
-35
-34
-35
-45
-35
-36
-35
-35
-32
-43
-43
-32
-36
-39
-41
-54
-310
-1043
-1979
-3024
-3928
-4502
-4734
-4645
-4325
-4185
-4187
-4116
-3914
-3542
-3065
-2682
-2420
-2217
-2006
-1773
-1587
-1457
-1348
-1197
-1070
-987
-927
-870
-787
-706
-624
-531
-399
-281
-179
-18
31
37
51
50
45
43
47
47
51
50
45
43
50
48
44
49
49
41
33
49
47
49
36
40
40
36
39
38
38
39
35
36
43
42
41
40
43
40
34
34
40
38
40
36
35
39
39
45
45
41
38
34
38
37
40
46
42
