30
38
34
36
36
34
29
35
37
29
31
30
39
36
41
46
26
26
30
27
33
24
35
35
38
35
30
37
31
31
30
33
30
36
35
34
36
35
30
29
34
41
30
28
32
37
36
45
310
1070
1916
2726
3394
3838
4076
4147
4023
3848
3836
3862
3788
3637
3395
2999
2589
2316
2115
1933
1740
1564
1436
1331
1223
1099
1004
928
874
818
767
705
642
582
506
423
299
157
4
-47
-46
-46
-48
-40
-38
-48
-50
-57
-51
-55
-47
-40
-37
-51
-45
-45
-44
-49
-48
-50
-48
-45
-45
-35
-40
-43
-39
-35
-40
-50
-40
-38
-43
-43
-47
-44
-52
-47
-44
-44
-45
-45
-37
-43
-46
-43
-46
-38
-36
-41
-38
-45
-45
-49
-41
-35
-39
-37
-42
-35
-41
-43
-45
-37
-32
-40
-36
-38
-34
-38
-47
-40
-44
-33
-35
-37
-31
-46
-33
-39
-40
-36
-45
-47
-36
-38
-35
-49
-43
-40
-35
-38
-47
-44
-48
-37
-43
-34
-50
-324
-1044
-1852
-2676
-3356
-3782
-4011
-4093
-4008
-3836
-3797
-3815
-3767
-3639
-3395
-2996
-2606
-2358
-2175
-2010
-1831
-1651
-1517
-1388
-1242
-1116
-1007
-927
-870
-809
-742
-678
-614
-549
-485
-392
-263
-83
20
40
37
38
47
41
40
41
41
49
42
36
44
42
43
38
40
38
34
40
39
35
40
44
40
37
37
34
44
28
37
31
34
38
40
40
39
34
42
39
34
35
39
41
34
37
37
35
40
41
41
44
33
40
35
