35
38
35
27
31
34
30
39
41
44
40
30
33
32
35
39
35
39
40
35
29
31
38
39
37
42
41
35
35
38
35
42
38
39
35
32
37
34
35
40
28
34
32
37
37
33
179
824
1684
2545
3297
3796
4072
4187
4094
3863
3777
3761
3664
3481
3270
3031
2692
2373
2148
1969
1789
1614
1475
1376
1264
1141
1019
937
869
810
767
710
650
591
535
459
354
223
66
-24
-42
-47
-50
-48
-41
-40
-40
-46
-50
-42
-38
-41
-47
-49
-46
-50
-41
-39
-47
-44
-43
-41
-44
-42
-34
-44
-44
-44
-44
-47
-38
-36
-47
-34
-43
-45
-40
-39
-42
-43
-37
-41
-42
-43
-36
-40
-39
-38
-43
-42
-34
-41
-36
-37
-37
-38
-40
-33
-34
-38
-37
-43
-38
-37
-35
-44
-40
-44
-45
-41
-40
-43
-41
-41
-41
-41
-34
-39
-42
-38
-42
-32
-37
-30
-36
-41
-37
-42
-28
-33
-33
-35
-34
-40
-39
-33
-38
-44
-38
-43
-264
-984
-1856
-2696
-3384
-3837
-4078
-4157
-4033
-3827
-3784
-3787
-3710
-3516
-3213
-2870
-2558
-2317
-2144
-1979
-1793
-1611
-1476
-1367
-1243
-1110
-1004
-932
-871
-818
-768
-710
-654
-582
-531
-454
-350
-218
-65
22
38
41
43
45
46
41
42
34
35
43
47
40
43
43
38
35
45
46
43
44
41
35
43
40
42
46
37
40
43
35
39
43
44
41
32
42
35
26
35
34
30
30
34
30
34
34
37
33
42
37
34
38
35
33
