40
42
45
44
35
38
42
41
45
36
42
42
30
46
35
41
31
33
35
33
46
41
30
39
37
42
48
38
44
43
32
39
35
38
41
30
43
41
40
37
36
34
38
37
39
30
40
64
430
1227
2093
2907
3493
3866
4065
4129
3992
3830
3844
3877
3798
3619
3302
2891
2546
2325
2141
1942
1734
1561
1429
1313
1198
1073
980
907
850
790
736
673
611
547
470
352
196
20
-36
-44
-43
-35
-43
-41
-41
-43
-40
-34
-38
-45
-43
-41
-43
-38
-43
-40
-46
-40
-31
-43
-34
-43
-45
-40
-41
-44
-37
-32
-35
-39
-35
-34
-39
-38
-39
-36
-39
-37
-40
-40
-34
-35
-33
-40
-45
-35
-31
-37
-38
-35
-38
-40
-47
-37
-36
-37
-33
-36
-37
-36
-39
-31
-44
-35
-31
-37
-38
-43
-41
-34
-33
-37
-40
-41
-40
-35
-32
-33
-32
-37
-34
-35
-32
-28
-37
-31
-37
-34
-33
-42
-35
-37
-34
-33
-31
-40
-38
-32
-37
-83
-536
-1351
-2195
-3008
-3603
-3979
-4163
-4175
-3997
-3856
-3853
-3863
-3777
-3522
-3083
-2702
-2475
-2336
-2181
-1977
-1761
-1580
-1446
-1313
-1182
-1060
-958
-895
-832
-776
-714
-650
-579
-526
-463
-363
-225
-57
35
45
44
45
45
40
47
45
36
47
42
41
41
43
41
43
45
47
40
38
41
38
46
50
44
43
43
41
43
37
44
42
47
38
34
44
50
46
43
51
38
42
47
41
41
45
48
33
38
43
38
37
43
45
