44
35
41
42
40
39
35
40
38
47
48
38
41
44
42
38
39
40
45
41
44
44
40
40
35
39
37
35
38
33
31
38
34
38
42
43
38
34
37
41
35
37
37
33
39
33
48
282
988
1846
2712
3414
3833
4062
4153
4045
3845
3816
3858
3817
3654
3323
2889
2539
2341
2221
2076
1870
1678
1518
1379
1221
1085
986
926
874
804
743
678
608
546
483
397
248
91
-17
-41
-40
-41
-38
-41
-44
-42
-47
-41
-47
-46
-45
-45
-40
-38
-44
-46
-40
-41
-43
-37
-41
-38
-48
-43
-40
-43
-34
-44
-43
-34
-36
-33
-47
-39
-36
-38
-43
-48
-37
-38
-34
-38
-44
-33
-36
-37
-43
-36
-34
-47
-38
-31
-35
-39
-40
-40
-34
-34
-32
-40
-41
-41
-37
-40
-34
-35
-47
-35
-36
-41
-40
-41
-35
-40
-30
-36
-44
-45
-45
-44
-43
-33
-37
-41
-38
-39
-33
-38
-40
-31
-36
-31
-36
-38
-37
-33
-38
-40
-35
-50
-309
-1070
-1922
-2745
-3411
-3836
-4081
-4173
-4050
-3859
-3846
-3866
-3800
-3646
-3421
-3054
-2631
-2335
-2125
-1914
-1726
-1567
-1437
-1310
-1190
-1050
-965
-905
-841
-790
-729
-675
-605
-541
-471
-371
-252
-118
5
37
41
51
43
50
47
48
41
35
50
49
35
38
46
38
45
38
40
48
43
44
46
34
41
41
37
40
35
40
44
38
47
43
44
47
41
39
44
40
38
40
37
44
40
47
35
35
39
27
34
36
37
46
44
