33
34
33
24
34
35
41
36
20
37
34
36
35
45
36
36
41
36
32
30
37
28
40
33
31
35
34
40
33
28
30
26
35
29
27
33
35
32
42
25
31
30
34
37
39
39
34
62
446
1241
2147
3055
3756
4152
4316
4262
3994
3845
3859
3850
3730
3560
3313
2916
2491
2178
1956
1762
1591
1435
1326
1244
1148
1041
949
897
841
779
731
673
610
546
474
371
243
73
-31
-51
-44
-43
-50
-50
-54
-50
-50
-45
-46
-48
-55
-53
-41
-45
-50
-37
-45
-37
-37
-43
-51
-46
-46
-42
-46
-43
-39
-48
-41
-41
-51
-37
-48
-48
-43
-48
-40
-43
-44
-43
-48
-46
-40
-39
-46
-44
-42
-41
-41
-45
-44
-42
-42
-43
-51
-38
-40
-35
-38
-42
-39
-40
-40
-42
-35
-41
-42
-36
-42
-41
-41
-44
-47
-41
-37
-47
-49
-36
-40
-45
-40
-38
-33
-37
-38
-43
-43
-49
-42
-43
-43
-42
-44
-35
-35
-41
-34
-46
-31
-120
-671
-1525
-2417
-3272
-3906
-4241
-4367
-4261
-4020
-3882
-3847
-3819
-3662
-3308
-2869
-2541
-2369
-2254
-2099
-1885
-1679
-1511
-1386
-1234
-1100
-1001
-939
-884
-829
-775
-719
-656
-594
-528
-449
-335
-170
-18
35
35
40
37
33
40
44
44
37
43
49
45
40
34
42
45
40
41
46
47
42
37
39
35
31
45
47
38
40
41
40
47
40
35
37
41
36
37
35
38
33
47
47
37
36
35
36
41
42
43
39
40
41
33
