34
43
34
37
35
30
35
42
35
38
37
43
39
28
37
40
36
43
34
35
32
26
32
29
38
44
33
35
27
30
27
30
37
38
43
36
37
33
34
32
33
26
32
32
34
31
37
30
55
367
1181
2089
2947
3606
4010
4210
4235
4061
3912
3919
3951
3867
3662
3297
2877
2525
2256
2036
1839
1636
1504
1400
1283
1154
1035
938
879
826
776
719
661
597
531
447
322
163
16
-45
-49
-46
-45
-45
-51
-47
-47
-46
-45
-38
-40
-45
-43
-55
-41
-44
-50
-48
-40
-31
-37
-29
-40
-41
-48
-52
-48
-49
-53
-45
-48
-45
-45
-42
-47
-46
-52
-47
-44
-47
-50
-43
-44
-45
-50
-40
-43
-45
-40
-38
-42
-45
-36
-40
-44
-36
-51
-42
-51
-38
-41
-42
-43
-41
-40
-42
-42
-38
-48
-45
-45
-39
-44
-47
-40
-44
-40
-39
-43
-35
-39
-40
-44
-35
-43
-47
-42
-43
-42
-47
-50
-33
-43
-28
-34
-31
-34
-36
-35
-35
-76
-533
-1346
-2205
-3053
-3691
-4069
-4230
-4218
-4017
-3872
-3873
-3853
-3760
-3569
-3195
-2731
-2405
-2211
-2062
-1891
-1706
-1534
-1389
-1264
-1139
-1016
-931
-874
-841
-780
-714
-653
-587
-520
-424
-294
-155
-15
37
40
42
34
43
44
41
37
39
34
40
38
41
39
38
39
37
37
40
41
37
35
42
38
40
48
37
33
44
35
34
48
45
41
35
41
42
35
40
40
34
30
36
31
38
39
31
42
34
38
36
40
35
