42
46
42
38
37
38
34
32
43
34
41
35
30
43
40
34
43
40
36
35
40
40
42
42
38
43
41
40
38
41
43
37
36
40
36
31
35
37
22
35
43
37
45
41
37
82
509
1301
2222
3237
4036
4504
4663
4523
4228
4122
4132
4051
3854
3548
3165
2792
2460
2183
1915
1696
1545
1440
1320
1152
1012
922
863
790
736
683
609
552
485
409
313
183
24
-40
-47
-41
-50
-43
-41
-41
-40
-45
-43
-44
-48
-36
-41
-40
-43
-41
-29
-45
-44
-40
-33
-28
-42
-30
-34
-38
-41
-38
-40
-49
-40
-44
-38
-40
-36
-34
-48
-30
-35
-34
-33
-37
-37
-41
-36
-37
-36
-35
-41
-41
-31
-27
-37
-35
-36
-35
-36
-41
-38
-33
-43
-37
-38
-41
-35
-34
-38
-41
-31
-35
-40
-41
-47
-37
-38
-35
-33
-34
-35
-43
-45
-38
-38
-36
-38
-35
-38
-37
-34
-33
-31
-40
-37
-40
-38
-30
-39
-30
-32
-33
-37
-147
-704
-1589
-2590
-3564
-4273
-4679
-4786
-4555
-4320
-4274
-4184
-3972
-3721
-3345
-2949
-2576
-2278
-2050
-1844
-1661
-1514
-1389
-1236
-1060
-966
-888
-836
-762
-729
-663
-611
-558
-491
-400
-275
-123
10
40
34
38
37
43
40
47
45
41
47
44
43
40
40
37
44
48
47
44
45
44
40
42
46
44
45
47
44
44
42
43
51
43
39
45
44
38
40
41
40
38
43
42
39
40
49
43
41
43
43
41
51
50
50
45
41
32
