43
45
38
36
43
47
43
41
39
47
41
40
44
40
42
40
44
47
40
41
45
41
39
43
37
37
48
44
37
40
34
41
40
44
36
40
44
47
49
43
40
48
39
41
37
33
129
703
1640
2634
3560
4219
4565
4647
4423
4186
4170
4150
3968
3608
3186
2794
2492
2306
2149
1928
1682
1493
1368
1262
1141
1026
947
899
825
750
683
588
479
306
199
45
-32
-40
-40
-45
-38
-41
-48
-32
-31
-38
-43
-44
-40
-40
-40
-41
-40
-38
-43
-31
-40
-41
-40
-38
-27
-32
-42
-33
-37
-36
-44
-37
-40
-41
-37
-31
-31
-38
-25
-32
-34
-33
-37
-25
-35
-27
-35
-39
-33
-36
-39
-33
-33
-37
-35
-30
-32
-38
-37
-44
-39
-33
-34
-36
-30
-25
-27
-31
-40
-28
-29
-33
-27
-39
-37
-43
-32
-31
-35
-30
-30
-36
-26
-29
-30
-30
-34
-33
-34
-27
-40
-37
-34
-32
-34
-39
-35
-36
-31
-25
-27
-33
-37
-40
-322
-1140
-2134
-3128
-3956
-4489
-4726
-4658
-4375
-4255
-4248
-4142
-3879
-3420
-2937
-2600
-2396
-2265
-2083
-1841
-1630
-1486
-1347
-1186
-1060
-984
-925
-881
-813
-735
-675
-582
-496
-379
-287
-107
28
47
57
48
54
53
53
44
43
46
44
41
52
53
52
55
55
42
47
47
47
42
47
48
41
40
48
51
47
43
45
46
47
51
45
44
51
44
48
47
42
52
41
40
42
42
49
43
48
48
43
38
44
47
47
41
34
43
