32
30
31
38
33
31
33
26
34
34
31
34
28
38
37
33
40
34
34
31
27
27
29
30
28
30
26
32
37
28
32
29
32
30
34
31
32
37
35
34
27
28
31
30
27
33
24
97
637
1472
2349
3170
3745
4081
4215
4156
3931
3826
3819
3754
3614
3430
3144
2747
2393
2171
1997
1797
1607
1471
1354
1249
1110
1006
928
875
818
770
729
668
617
567
498
421
308
171
37
-35
-47
-49
-54
-59
-37
-41
-48
-51
-54
-48
-55
-54
-53
-41
-44
-47
-47
-46
-48
-45
-52
-43
-50
-41
-45
-44
-50
-48
-42
-54
-43
-41
-38
-50
-51
-43
-51
-45
-47
-55
-45
-49
-40
-48
-47
-54
-50
-44
-47
-40
-44
-45
-44
-45
-41
-44
-39
-41
-49
-40
-43
-34
-41
-41
-48
-50
-43
-43
-41
-38
-40
-37
-42
-36
-43
-44
-37
-44
-32
-35
-41
-51
-49
-37
-43
-41
-44
-43
-45
-41
-42
-50
-54
-43
-41
-41
-51
-37
-42
-183
-800
-1623
-2474
-3219
-3722
-4012
-4133
-4065
-3843
-3740
-3716
-3641
-3487
-3249
-2898
-2566
-2366
-2250
-2127
-1926
-1709
-1537
-1395
-1274
-1145
-1024
-942
-871
-815
-767
-713
-658
-598
-532
-459
-363
-233
-66
21
36
30
38
40
33
47
46
38
40
40
35
30
30
34
26
35
37
36
35
41
29
35
35
38
37
36
39
40
38
33
35
39
36
28
31
34
32
41
37
39
38
34
35
32
36
36
33
33
29
24
35
32
37
