3
7
4
2
0
0
3
11
1
10
8
5
1
1
10
1
2
10
10
7
1
-1
4
12
8
-2
5
14
12
7
1
10
2
7
5
7
1
7
1
7
6
-1
4
5
5
1
0
2
12
2
11
4
4
5
2
8
0
2
1
5
6
2
2
1
16
31
56
88
120
141
165
182
200
208
213
224
236
232
228
223
211
213
193
176
146
121
83
25
-6
-16
-7
-2
-7
-10
-16
-5
-10
-18
-11
-7
-7
-4
-5
-7
-20
-4
-7
-12
-9
-5
-11
-13
-4
-4
-11
-12
-13
-5
-14
-11
-7
-11
-5
-10
-6
-4
-5
-8
-6
-15
-7
-7
-2
-5
-10
-5
-1
-8
-7
-8
-11
-8
-10
-9
-5
5
1
-7
-4
-2
-2
-11
0
-4
-8
-2
-7
-4
-4
-10
-2
-3
0
-4
-4
0
-4
-4
-12
-10
0
-5
-2
-5
-11
-11
-4
-8
-8
-2
-5
-9
-7
-6
-11
-11
-13
-7
-12
2
-5
-3
0
-1
-2
1
0
-2
-8
-5
-6
-5
-4
-18
-31
-52
-74
-104
-134
-163
-175
-196
-206
-222
-225
-238
-243
-236
-233
-222
-212
-193
-188
-167
-143
-119
-73
-18
0
4
0
10
4
0
11
8
9
8
2
3
6
9
5
9
9
7
12
15
6
8
8
2
7
1
14
4
5
8
3
0
10
6
4
-1
9
10
8
5
7
10
8
6
2
1
7
7
2
8
5
4
