17
25
28
35
45
57
63
67
70
77
77
88
86
95
97
101
113
113
128
131
135
137
143
152
156
163
171
171
175
185
189
192
195
191
199
202
200
201
215
223
218
220
223
227
223
222
221
232
240
242
244
238
241
254
249
258
248
261
267
270
264
263
265
266
268
268
268
273
274
276
274
273
277
275
272
268
272
277
273
266
273
272
276
269
271
261
264
256
262
262
263
260
258
260
251
248
248
243
243
231
228
219
218
217
213
202
198
198
192
184
183
179
170
160
156
155
145
142
137
132
122
113
110
102
97
93
82
77
63
54
40
39
33
29
25
11
0
3
0
-11
-22
-23
-31
-46
-44
-54
-60
-65
-66
-74
-80
-80
-94
-94
-100
-102
-111
-115
-126
-121
-136
-134
-143
-146
-155
-175
-176
-167
-178
-182
-189
-193
-189
-190
-193
-204
-207
-211
-204
-217
-218
-212
-221
-215
-229
-227
-230
-236
-237
-241
-241
-246
-252
-251
-254
-258
-252
-259
-249
-261
-266
-258
-261
-265
-258
-265
-267
-266
-269
-272
-277
-273
-268
-269
-270
-276
-263
-268
-272
-275
-274
-276
-267
-269
-265
-262
-269
-263
-263
-263
-256
-256
-252
-246
-252
-241
-248
-231
-231
-230
-225
-223
-221
-219
-212
-202
-205
-204
-195
-182
-181
-181
-171
-169
-160
-160
-147
-144
-144
-132
-125
-113
-107
-110
-91
-92
-78
-78
-64
-53
-51
-42
-41
-24
-24
-10
-2
11
10
20
