334
327
312
301
287
261
349
290
283
294
305
301
323
287
290
287
294
276
272
287
250
232
265
250
261
290
287
229
243
280
276
236
218
185
210
236
261
236
243
200
181
196
232
207
145
192
207
196
163
203
196
178
160
123
156
167
592
3185
7513
10517
11256
10641
9612
8433
7106
5986
4960
4236
3818
3636
3636
3800
3946
4033
4069
3975
3840
3658
3509
3211
2964
2571
2225
1905
1451
723
-25
-185
-210
-221
-301
-280
-290
-254
-261
-320
-250
-243
-261
-192
-170
-203
-203
-214
-254
-298
-309
-312
-327
-338
-290
-290
-258
-290
-258
-236
-272
-196
-258
-210
-207
-269
-309
-229
-265
-312
-265
-250
-272
-221
-287
-272
-301
-258
-276
-360
-320
-356
-294
-265
-265
-305
-265
-254
-265
-272
-269
-243
-261
-254
-207
-309
-269
-254
-294
-305
-240
-272
-280
-207
-250
-247
-269
-229
-232
-232
-221
-243
-240
-221
-181
-240
-218
-196
-218
-181
-200
-203
-170
-160
-152
-167
-181
-207
-189
-167
-160
-145
-160
-116
-145
-174
-123
-160
-72
-145
-716
-3811
-8699
-11772
-11881
-10561
-8975
-7746
-6655
-5695
-4913
-4389
-4044
-3866
-3866
-3927
-4040
-4124
-4106
-3989
-3840
-3600
-3225
-2967
-2644
-2440
-2127
-1705
-1200
-465
87
240
243
280
334
305
305
287
294
298
312
232
254
200
243
225
240
243
258
316
320
341
334
389
334
363
272
312
327
298
265
272
290
287
298
294
309
287
254
276
276
298
287
221
247
287
290
338
370
338
338
330
312
341
