301
301
305
309
301
290
236
287
301
320
330
298
276
290
287
312
280
218
290
338
356
269
247
265
254
247
269
265
254
229
258
247
192
214
232
229
189
196
225
218
232
218
170
174
192
174
130
196
167
138
127
149
134
130
167
149
1000
4426
9252
12823
13838
12550
10226
8197
6891
6208
5797
5306
4971
4655
4487
4320
4266
4306
4247
4171
4015
3745
3495
3160
2807
2538
2287
1989
1589
1025
261
-61
-254
-301
-280
-316
-320
-345
-294
-323
-287
-341
-254
-229
-280
-236
-210
-221
-254
-265
-287
-309
-305
-320
-294
-283
-280
-280
-272
-276
-265
-265
-327
-272
-240
-327
-298
-323
-294
-280
-243
-283
-294
-283
-290
-287
-356
-323
-294
-287
-330
-323
-309
-349
-327
-323
-283
-261
-283
-294
-309
-243
-276
-301
-283
-254
-258
-316
-280
-312
-309
-298
-301
-301
-367
-298
-243
-272
-269
-243
-207
-243
-170
-236
-214
-207
-207
-221
-269
-225
-214
-207
-178
-185
-181
-189
-149
-210
-192
-178
-181
-218
-214
-181
-145
-192
-141
-112
-101
-280
-2011
-6244
-10794
-13420
-13351
-11648
-9710
-8233
-7153
-6339
-5709
-5197
-4746
-4462
-4378
-4349
-4316
-4247
-4200
-4036
-3800
-3567
-3265
-2960
-2622
-2309
-1927
-1563
-1091
-596
-7
152
232
294
290
345
309
330
327
280
301
232
221
247
254
236
243
261
261
261
269
309
258
301
360
320
334
320
250
272
261
254
276
290
250
283
280
287
229
261
294
334
294
312
320
309
356
305
323
381
352
338
381
334
