-1
0
10
7
8
12
4
6
3
2
10
8
7
10
12
7
3
6
13
1
11
11
8
12
2
2
7
3
2
8
1
3
0
12
7
2
1
-2
2
7
0
9
10
13
7
5
7
4
5
2
8
8
3
10
8
2
3
-1
9
2
10
43
86
125
157
160
184
193
198
210
225
235
236
253
254
259
261
257
248
243
232
216
199
185
155
129
84
16
-15
-2
-8
-13
-12
-7
-6
-10
-7
-4
-4
-1
-11
-4
-10
-12
-8
-8
-7
-10
-13
-4
-6
-12
-8
-16
-12
-13
-11
-8
-14
-13
-10
-10
-9
-6
-10
-5
-5
-6
-14
-10
-8
-9
-12
-5
-7
-8
-1
-5
-5
-13
-5
-4
-12
-4
-8
-12
-7
-12
-2
-2
0
-1
-17
-5
-4
-8
-2
-12
-10
-8
-7
-7
-8
-1
0
-4
-5
-4
-1
-8
-5
-5
-10
-8
-8
-5
-7
-10
-6
-15
-7
-8
-8
0
1
-4
-8
-3
-5
-7
-8
-1
-4
-3
-6
-8
-7
-4
-2
-11
-6
-42
-88
-123
-143
-167
-180
-198
-199
-209
-218
-234
-238
-238
-258
-259
-274
-262
-248
-243
-224
-219
-198
-174
-162
-126
-73
-7
5
4
11
6
0
7
8
5
-1
8
6
12
16
14
11
8
3
5
0
8
12
4
1
8
2
1
2
8
8
10
11
8
6
11
5
3
4
5
4
1
0
4
11
13
5
8
4
4
8
0
1
3
