21
23
33
42
54
50
51
63
68
67
75
68
87
99
96
94
107
107
114
119
126
134
140
146
159
155
167
166
167
179
189
186
193
190
196
197
200
205
208
212
212
212
216
222
222
229
230
226
235
232
248
245
240
243
242
246
243
251
255
252
256
255
255
256
261
264
268
268
274
276
273
276
273
271
271
281
270
262
268
272
269
264
275
264
262
264
265
264
262
263
255
250
250
255
252
245
245
238
226
231
231
225
222
219
208
202
198
198
195
194
187
179
182
164
162
156
146
139
142
134
123
115
117
107
103
98
86
71
67
63
50
44
34
28
19
12
8
-4
-10
-10
-25
-25
-34
-43
-51
-54
-61
-63
-70
-74
-76
-86
-88
-99
-102
-110
-106
-118
-119
-125
-129
-146
-143
-150
-151
-155
-163
-173
-172
-180
-183
-185
-192
-193
-206
-202
-192
-196
-211
-216
-218
-215
-215
-228
-219
-225
-224
-226
-231
-230
-240
-234
-236
-246
-241
-249
-249
-252
-259
-263
-266
-262
-262
-263
-259
-274
-271
-263
-266
-264
-272
-272
-264
-272
-267
-259
-272
-271
-264
-262
-264
-269
-265
-264
-269
-266
-271
-259
-244
-253
-262
-256
-256
-241
-241
-247
-238
-238
-229
-228
-226
-214
-217
-210
-212
-206
-206
-194
-193
-195
-185
-188
-177
-173
-169
-162
-148
-143
-144
-139
-130
-113
-103
-111
-107
-93
-84
-73
-60
-67
-58
-46
-32
-30
-27
-12
-12
-8
-4
13
