367
323
243
283
294
225
254
320
290
316
290
320
261
269
269
200
287
269
250
258
210
221
218
229
247
276
250
163
196
221
236
192
189
192
156
210
192
203
189
152
174
181
160
149
152
170
174
98
189
156
152
174
192
138
127
123
123
83
832
3924
8619
12147
13187
12045
10088
8073
6480
5433
4782
4553
4498
4469
4429
4462
4437
4306
4153
3916
3684
3342
3065
2716
2371
2058
1636
1240
749
90
-138
-240
-218
-272
-290
-349
-367
-330
-316
-280
-254
-189
-181
-167
-196
-280
-243
-254
-250
-294
-323
-269
-327
-370
-360
-280
-254
-229
-240
-210
-265
-327
-280
-312
-305
-280
-320
-287
-298
-236
-276
-258
-316
-272
-232
-327
-298
-309
-330
-316
-341
-283
-316
-283
-341
-272
-280
-290
-236
-261
-243
-320
-290
-243
-280
-294
-261
-236
-269
-320
-352
-312
-298
-334
-290
-276
-258
-276
-243
-207
-236
-203
-261
-225
-196
-181
-152
-250
-236
-236
-200
-192
-203
-196
-210
-160
-163
-156
-145
-170
-152
-163
-130
-160
-170
-134
-170
-98
-145
-192
-1545
-5506
-10172
-12936
-13150
-11667
-9601
-7742
-6339
-5324
-4804
-4582
-4480
-4382
-4360
-4353
-4342
-4160
-4004
-3760
-3495
-3182
-2894
-2604
-2258
-1916
-1487
-1087
-512
18
160
221
269
283
280
298
305
294
247
247
229
272
207
232
181
218
240
265
283
280
258
320
367
287
316
360
301
272
236
218
261
269
250
280
283
287
283
283
316
323
272
290
258
309
370
330
356
312
316
327
305
290
