323
283
334
280
265
276
261
261
280
283
305
280
276
240
261
269
316
316
280
316
265
287
243
229
283
265
283
250
214
207
294
243
287
229
207
221
229
229
283
229
250
203
174
174
225
181
210
149
141
167
167
152
112
112
112
87
185
1196
4309
8124
10397
10616
9870
8961
8037
7244
6397
5626
4997
4549
4229
4127
4182
4244
4244
4196
4051
3807
3553
3291
2934
2611
2236
1854
1425
920
261
-152
-203
-221
-283
-276
-312
-323
-330
-345
-254
-218
-254
-236
-236
-254
-269
-261
-265
-280
-294
-309
-265
-283
-250
-301
-316
-290
-320
-323
-276
-236
-254
-240
-290
-287
-225
-221
-305
-349
-283
-269
-276
-276
-301
-298
-312
-265
-309
-352
-301
-345
-287
-312
-320
-290
-334
-294
-316
-272
-254
-229
-276
-327
-221
-254
-254
-243
-240
-225
-258
-280
-269
-258
-272
-265
-254
-312
-294
-214
-218
-254
-185
-247
-269
-214
-243
-181
-225
-174
-163
-196
-200
-210
-127
-141
-156
-196
-192
-170
-170
-127
-120
-134
-120
-120
-116
-127
-141
-421
-2531
-7241
-12179
-15067
-15060
-12914
-10296
-8295
-7186
-6491
-5957
-5495
-5084
-4691
-4498
-4462
-4455
-4513
-4433
-4371
-4204
-3949
-3640
-3262
-2905
-2607
-2229
-1818
-1331
-763
-76
192
221
272
305
370
363
349
400
327
341
312
280
290
276
236
265
298
290
287
323
349
330
330
363
360
305
363
327
301
309
330
334
312
294
316
338
312
280
323
312
312
345
330
374
403
334
341
363
392
356
363
352
334
