287
334
320
283
261
294
258
283
250
269
272
258
298
250
240
298
258
305
276
247
243
225
250
298
236
203
240
225
207
247
185
247
203
181
189
210
167
189
207
174
167
170
141
123
167
163
156
167
149
130
120
145
141
130
156
134
385
2553
6466
10056
11558
11034
9681
8368
7473
6775
6037
5277
4698
4324
4273
4284
4269
4280
4247
4149
3960
3633
3316
3011
2778
2451
2102
1669
1283
792
192
-185
-221
-265
-330
-283
-330
-320
-367
-323
-294
-312
-261
-258
-258
-229
-225
-229
-250
-301
-312
-352
-269
-269
-283
-341
-298
-298
-236
-327
-301
-280
-309
-320
-298
-287
-327
-287
-327
-330
-301
-309
-283
-334
-298
-330
-305
-363
-301
-320
-385
-370
-334
-283
-305
-316
-309
-287
-236
-312
-312
-272
-287
-280
-309
-269
-298
-323
-312
-294
-261
-280
-283
-272
-265
-247
-269
-272
-309
-229
-265
-254
-261
-225
-221
-221
-196
-210
-185
-207
-178
-240
-258
-203
-196
-210
-189
-181
-181
-196
-181
-192
-192
-207
-145
-130
-134
-167
-149
-145
-614
-2993
-7073
-10463
-11528
-10972
-9754
-8477
-7433
-6604
-5771
-5142
-4673
-4338
-4262
-4287
-4262
-4222
-4160
-4033
-3851
-3622
-3269
-2974
-2553
-2254
-1996
-1589
-1185
-589
-80
203
167
261
301
298
327
276
298
272
247
265
243
196
210
181
214
229
232
283
283
301
294
338
272
272
320
276
276
247
261
283
243
276
261
305
301
261
276
283
229
294
247
280
254
312
367
287
312
327
316
312
305
320
