316
316
301
265
232
236
298
334
309
312
294
316
301
258
290
272
265
301
287
243
236
265
272
258
250
232
247
218
247
196
218
192
174
218
225
192
218
240
210
221
221
200
163
160
167
149
163
181
130
174
120
134
134
112
101
101
181
1374
4731
8408
10510
10845
10325
9546
8572
7550
6539
5608
5018
4684
4462
4400
4356
4349
4324
4244
4153
3975
3735
3455
3029
2593
2280
2014
1603
1043
298
-98
-163
-229
-290
-258
-316
-341
-309
-341
-316
-276
-240
-258
-207
-192
-225
-232
-287
-287
-287
-287
-305
-301
-290
-345
-287
-320
-294
-294
-312
-320
-269
-323
-305
-287
-269
-338
-269
-305
-258
-320
-269
-276
-320
-309
-305
-272
-341
-349
-330
-298
-298
-338
-327
-323
-316
-298
-243
-265
-265
-287
-294
-301
-309
-280
-261
-316
-323
-330
-280
-309
-283
-294
-294
-254
-250
-240
-243
-240
-192
-250
-196
-250
-178
-229
-254
-214
-214
-203
-229
-232
-236
-240
-221
-189
-189
-200
-185
-181
-160
-109
-163
-174
-181
-127
-123
-149
-160
-130
-603
-3225
-7572
-11099
-12467
-12129
-11088
-9819
-8590
-7430
-6375
-5469
-4891
-4695
-4578
-4531
-4524
-4484
-4320
-4153
-3982
-3724
-3538
-3215
-2873
-2524
-2138
-1720
-1240
-720
-69
163
243
280
280
272
280
323
330
301
345
330
247
265
247
232
240
254
283
276
305
334
349
330
305
301
345
323
301
287
276
254
265
309
272
309
254
261
280
247
225
269
261
276
290
309
349
360
400
374
345
345
305
316
