10
11
7
5
5
-1
9
2
6
13
7
5
9
8
12
8
1
4
4
8
5
9
3
2
10
2
5
15
8
17
5
0
9
16
7
3
8
8
7
4
8
2
-1
4
11
3
2
5
5
10
-1
2
10
0
4
2
4
2
0
14
4
10
51
93
130
153
177
193
207
213
219
220
231
238
248
248
253
254
251
239
230
216
197
180
161
133
96
30
0
-6
-14
-8
-10
-4
-5
-4
-12
-17
-11
-10
-4
-15
0
-5
-12
-6
-12
-3
-7
-3
-9
-12
-8
-9
-10
-6
-5
-2
-11
-4
-6
-12
-10
-13
-11
-8
-11
-11
-11
-4
-3
-6
-7
-1
0
-8
-5
-11
-5
-5
-8
-8
-4
-11
-2
-4
-8
-11
-11
-3
-11
-12
-6
0
-7
-15
-9
-2
-1
-1
-4
-3
-6
-6
0
-5
-1
0
-8
1
-1
0
-1
-3
-7
-7
-1
3
-5
-7
-10
-6
-7
-11
0
-12
-5
-1
-5
-5
-1
0
-4
-4
2
-8
-7
-5
-10
-5
-2
-5
-51
-80
-126
-155
-176
-185
-205
-203
-223
-221
-233
-244
-252
-261
-254
-254
-255
-240
-229
-206
-186
-169
-153
-122
-64
-8
6
13
0
0
8
7
3
2
13
14
11
12
3
2
7
8
5
1
13
16
8
8
4
4
15
11
4
7
11
8
5
15
4
0
10
7
7
8
-1
4
1
6
13
2
10
4
3
7
0
11
7
11
