16
27
35
34
44
47
52
60
64
70
73
68
78
88
94
94
106
114
117
122
123
130
143
147
155
157
165
165
167
174
184
183
191
190
194
189
200
199
202
209
210
208
220
216
215
224
219
228
231
226
242
234
239
239
249
253
249
247
254
251
254
266
261
265
261
260
263
265
262
262
269
270
268
265
255
264
266
264
268
265
264
261
266
264
264
261
265
265
257
255
254
256
258
252
251
242
243
239
237
232
228
224
213
212
217
209
202
198
199
193
185
180
176
172
162
160
154
144
136
133
129
116
107
105
96
89
81
76
65
61
55
45
36
33
24
25
3
1
-3
-17
-24
-22
-35
-35
-52
-46
-60
-61
-70
-68
-75
-78
-87
-87
-98
-109
-107
-109
-119
-128
-129
-137
-137
-151
-152
-164
-163
-166
-169
-172
-177
-184
-186
-188
-192
-191
-205
-201
-199
-200
-206
-210
-214
-227
-223
-227
-234
-227
-228
-231
-238
-242
-241
-245
-240
-246
-243
-245
-265
-252
-261
-262
-256
-260
-255
-268
-265
-263
-264
-271
-272
-277
-268
-264
-269
-258
-258
-262
-269
-274
-265
-265
-268
-267
-265
-271
-264
-270
-252
-249
-248
-255
-259
-240
-235
-245
-236
-238
-226
-228
-228
-226
-232
-212
-209
-210
-209
-206
-193
-191
-182
-189
-180
-172
-164
-159
-162
-141
-136
-134
-133
-121
-109
-104
-103
-89
-88
-79
-84
-76
-66
-49
-38
-43
-18
-11
-6
-5
-1
11
