5
8
10
9
6
4
6
8
2
2
3
1
1
2
0
1
3
0
2
13
11
0
7
7
12
9
0
9
9
0
0
5
4
0
5
8
7
5
2
2
11
3
1
6
10
2
10
4
5
11
10
2
5
8
2
11
4
5
12
12
5
-1
9
14
33
62
94
105
124
144
173
191
198
205
218
229
228
221
218
218
210
192
177
149
134
99
32
-3
-7
-11
-6
-7
-7
-12
-9
-5
-12
-10
-8
-5
-12
-11
-6
-12
-14
-10
-9
-7
-6
-13
-4
-7
-7
1
-1
-7
-4
-2
-1
-4
-6
-10
-9
-5
-4
-2
-12
0
-1
-13
-4
-14
-9
-5
-3
-4
-5
-4
-3
-4
-2
-5
-6
-4
-4
-2
-4
3
-7
-6
0
-11
0
-5
-9
-4
-11
-5
-4
-6
-3
-13
-14
-11
-7
-12
-13
-4
-12
-11
2
2
-1
-11
-6
5
-7
-3
-9
-14
-8
-5
-10
-2
-5
-3
-4
-2
0
-5
4
-3
-10
-9
0
-1
-14
-7
-9
-2
-2
-1
-10
-12
-26
-59
-83
-101
-125
-145
-166
-175
-190
-204
-203
-211
-206
-216
-219
-209
-198
-179
-172
-153
-129
-77
-24
4
12
3
7
1
5
1
10
10
9
0
4
6
12
2
15
7
2
7
8
2
0
0
2
1
6
5
1
7
0
5
8
4
3
4
6
9
0
14
7
1
8
2
8
10
4
2
-5
-2
4
3
12
9
