-3
4
8
5
5
12
6
4
14
8
4
4
10
7
10
10
10
8
12
10
9
5
12
10
10
2
4
5
0
8
8
8
0
3
1
5
2
8
4
14
1
8
1
5
3
7
14
3
10
12
2
12
1
-4
8
5
6
5
3
10
20
73
134
158
182
206
221
223
231
238
233
241
247
241
249
249
249
249
235
223
215
200
181
155
144
106
34
0
-14
-7
0
-9
-7
-15
-9
-8
-8
-1
-7
-12
-11
-6
-2
-10
-10
-7
-11
-7
-10
0
-4
-7
-5
-4
-5
-3
-7
-4
-7
-14
-11
-7
-5
-16
-9
-6
-6
-6
-6
-4
-1
-8
-1
-9
-3
-8
-7
-8
-7
-5
-12
-10
-4
-11
-1
-1
-9
-7
-1
-10
-5
-10
-4
-13
0
-4
-7
-14
-8
-5
-13
-8
-7
-15
1
-4
0
-9
-6
-5
-7
-5
-8
-7
-2
-8
-8
-7
-11
-6
-4
-3
-3
-11
-11
-4
-2
-8
-2
-5
-8
-2
-4
-5
0
-3
-7
-11
-2
0
-24
-63
-121
-153
-186
-198
-207
-222
-227
-240
-245
-255
-251
-245
-252
-251
-256
-245
-242
-234
-217
-195
-176
-169
-136
-94
-25
2
8
4
9
14
3
7
1
1
3
5
12
6
4
8
9
8
11
7
3
2
16
10
2
11
6
6
5
5
13
5
5
5
4
7
8
10
15
7
6
8
10
10
2
4
11
10
7
6
8
3
7
7
