4
9
4
7
12
4
4
0
2
10
0
9
4
-2
14
8
11
5
5
8
11
9
-1
2
2
-1
3
-2
5
2
0
2
2
2
9
4
2
1
12
5
0
8
5
4
5
5
13
11
4
2
4
5
3
2
10
4
2
2
5
12
1
8
7
20
48
83
107
133
150
169
174
187
201
220
223
230
229
238
232
220
212
198
185
164
138
110
66
10
-10
-3
-1
-7
-6
-8
-10
-6
-2
-7
-12
-15
-6
-10
0
-6
-4
-7
-7
-5
-6
-5
-7
-14
-4
-15
-7
-3
-2
-6
-8
0
-5
-5
-5
-6
-5
-5
-10
-8
-6
-2
-5
-13
-11
-11
-15
-13
-3
-5
-4
0
-10
-11
-12
-10
2
-1
-4
-5
-8
-4
-7
-5
-4
-3
-7
-8
-10
-2
-8
4
-3
-3
-3
-3
-7
-8
-5
-1
-8
-5
-2
-7
-11
-7
-7
2
-2
-1
-5
0
-7
-10
-10
-1
-1
-10
-2
-1
-10
-2
5
1
-4
-4
0
-7
-5
-4
-7
-5
-2
-5
-14
-29
-54
-87
-103
-143
-166
-178
-177
-200
-202
-213
-227
-234
-236
-234
-228
-222
-206
-202
-172
-152
-127
-97
-37
2
11
10
7
-4
8
5
10
3
9
12
8
15
3
6
6
4
10
3
9
3
8
9
0
5
10
10
10
11
11
3
5
-1
2
13
15
7
5
5
4
7
10
4
1
5
7
7
7
8
4
5
5
9
