6
6
8
0
-5
1
8
10
14
10
5
0
3
2
8
1
-4
5
5
11
10
16
10
3
8
7
7
7
7
3
-1
2
5
5
11
5
0
1
1
13
6
0
9
5
3
2
0
2
2
5
10
12
13
4
4
7
0
7
2
5
0
-3
3
2
17
33
67
97
114
135
151
176
179
199
204
219
227
225
219
213
215
203
179
167
140
119
77
21
-8
-5
-12
-5
-4
-12
1
-3
-11
-12
-12
-11
-7
-11
0
-6
-6
-10
-8
-8
-14
-17
-1
-9
-10
-7
-5
-10
-7
-5
-12
-12
-2
-5
-8
-10
-5
-8
-4
-2
-10
-5
-15
-10
0
-4
-8
-14
-5
-2
-11
-12
-8
-6
-4
-5
-2
-8
-3
-2
-2
5
-7
-8
-2
-7
-9
-14
-5
-8
-2
1
-6
-6
-15
-8
-4
-8
-5
-6
1
-1
0
1
-8
-5
-6
-12
-7
-12
-7
-2
-5
-15
-4
-10
-1
-7
-4
-10
-5
-2
-7
-5
-11
-7
-5
-13
-11
-7
-10
-6
-11
-6
-5
-5
-2
-21
-49
-85
-111
-135
-153
-175
-189
-200
-206
-209
-227
-225
-219
-216
-215
-202
-175
-166
-139
-119
-60
-14
2
10
8
10
8
2
10
12
11
11
-1
7
1
6
7
3
5
3
5
10
10
8
7
6
5
1
6
9
7
7
5
10
3
0
4
0
10
5
5
9
3
12
10
6
12
1
5
4
5
4
-2
2
