12
20
21
35
33
41
46
52
56
61
73
76
75
87
89
106
110
116
116
129
132
133
142
144
150
164
167
173
177
180
185
188
192
195
197
203
205
208
209
203
216
218
213
218
222
230
225
228
235
232
239
233
236
252
250
246
252
254
266
263
264
259
268
256
264
261
264
266
271
267
268
271
265
265
262
268
272
270
265
266
262
258
265
268
262
265
254
254
251
252
251
246
242
235
239
243
238
239
231
221
221
216
214
212
205
210
202
202
193
189
188
183
176
175
167
167
159
149
142
136
127
123
121
106
92
92
87
74
71
68
56
48
47
43
33
20
10
1
-10
-12
-18
-23
-27
-30
-36
-47
-50
-58
-62
-76
-75
-72
-87
-87
-96
-101
-109
-107
-116
-126
-140
-134
-150
-149
-162
-153
-158
-174
-180
-177
-182
-190
-190
-199
-199
-205
-208
-208
-203
-209
-217
-220
-219
-221
-224
-231
-226
-230
-223
-234
-237
-238
-244
-243
-249
-250
-256
-259
-253
-264
-258
-255
-259
-261
-266
-272
-270
-276
-263
-268
-268
-265
-274
-269
-261
-271
-266
-271
-268
-261
-263
-269
-260
-265
-251
-255
-256
-256
-260
-252
-253
-247
-241
-243
-232
-236
-239
-235
-232
-218
-225
-225
-216
-210
-200
-202
-202
-203
-198
-193
-180
-172
-178
-178
-169
-153
-157
-153
-142
-138
-136
-124
-115
-110
-102
-102
-91
-82
-78
-62
-60
-54
-55
-37
-30
-18
-11
-13
0
10
