-1
11
14
5
11
8
4
7
3
8
8
13
15
6
8
4
4
11
5
10
2
2
5
-1
10
-3
0
0
5
8
6
13
10
6
9
5
6
1
-1
1
1
8
8
2
1
0
1
0
5
11
5
5
9
1
5
8
7
1
-7
-2
6
0
13
34
70
96
117
139
156
174
196
213
214
221
226
230
235
230
229
223
210
196
184
163
142
116
74
13
-2
-5
-11
-3
-12
-1
-8
-7
-12
-8
-5
-10
-8
-11
-10
-13
-14
-3
0
-5
-3
-7
-14
-7
-5
-9
-15
-11
-12
-10
-10
-8
-14
-4
-2
-10
0
1
-8
-8
-11
-5
-8
-15
-8
-8
-7
-2
-4
-2
-4
-14
-11
-13
-6
-2
-4
-2
-5
-9
-9
-8
-5
-12
-7
-5
-8
-5
-11
-11
-14
-2
1
-5
-4
-6
-11
-7
-7
1
-10
-3
-4
-8
-7
-8
-6
-2
-4
-4
-6
1
0
-6
-4
-3
-10
-11
-12
-4
-4
0
-5
-4
1
-11
-8
-2
-4
-6
-5
-4
-2
-6
-3
-31
-73
-96
-127
-154
-173
-188
-198
-211
-216
-229
-234
-241
-249
-242
-241
-233
-206
-190
-175
-165
-139
-111
-53
-11
6
14
7
9
11
3
5
2
7
4
7
7
0
8
4
2
4
0
6
2
8
10
8
8
10
8
10
13
8
10
7
11
8
2
5
1
10
10
7
14
15
3
2
-1
11
15
10
6
-1
-2
-1
2
