13
19
25
31
38
46
50
60
61
63
72
70
76
83
97
106
104
110
113
120
126
133
132
151
155
157
165
162
170
175
182
182
183
190
197
200
198
205
213
209
210
216
218
222
223
222
225
234
242
238
232
234
235
242
242
243
248
252
258
253
255
262
256
261
260
263
262
268
263
271
265
265
262
262
266
260
263
268
261
269
261
259
264
264
260
259
265
261
256
251
254
247
242
232
237
229
237
238
228
228
224
220
217
217
218
212
202
194
187
186
182
180
188
176
166
159
150
153
143
129
127
126
115
103
100
102
80
80
73
61
62
53
37
44
28
21
5
-1
0
-18
-27
-20
-33
-39
-40
-45
-55
-54
-62
-68
-70
-78
-78
-82
-93
-100
-103
-110
-121
-124
-134
-140
-144
-158
-152
-167
-172
-178
-173
-180
-176
-188
-191
-193
-195
-198
-205
-198
-208
-209
-222
-207
-215
-222
-216
-225
-232
-234
-238
-229
-243
-239
-244
-245
-245
-253
-252
-248
-253
-254
-256
-258
-259
-271
-260
-264
-258
-263
-271
-266
-274
-273
-261
-264
-269
-270
-269
-268
-265
-268
-259
-258
-255
-258
-268
-261
-256
-256
-250
-250
-244
-245
-244
-225
-239
-231
-238
-228
-221
-225
-219
-221
-208
-208
-208
-209
-200
-193
-200
-195
-182
-173
-172
-172
-165
-163
-155
-153
-137
-125
-121
-114
-112
-106
-97
-104
-87
-76
-66
-71
-68
-54
-44
-35
-25
-18
-18
-5
1
5
