280
349
280
272
298
287
301
290
272
261
225
247
309
254
229
265
298
290
276
261
229
276
298
258
225
276
236
225
192
210
258
214
229
218
196
221
196
225
214
192
160
232
178
123
160
141
189
167
138
181
170
145
156
138
120
130
851
3745
7873
10816
12074
12067
11470
10423
9117
7837
6520
5448
4775
4487
4397
4364
4331
4327
4236
4076
3887
3665
3400
3102
2774
2487
2098
1738
1309
832
181
-181
-221
-272
-287
-269
-287
-261
-290
-283
-320
-294
-276
-261
-265
-287
-287
-298
-298
-338
-290
-294
-298
-261
-349
-345
-309
-345
-341
-298
-327
-345
-290
-294
-269
-338
-327
-316
-290
-305
-265
-283
-316
-309
-360
-301
-334
-389
-330
-392
-345
-316
-334
-356
-338
-330
-349
-301
-283
-280
-290
-301
-287
-301
-269
-312
-309
-280
-330
-272
-276
-309
-276
-269
-312
-320
-283
-272
-221
-272
-247
-265
-254
-269
-265
-225
-214
-218
-243
-250
-229
-207
-210
-225
-174
-207
-181
-192
-210
-178
-200
-163
-218
-218
-200
-178
-181
-156
-138
-152
-436
-2378
-6200
-9681
-11343
-11179
-10146
-9034
-8048
-7208
-6371
-5629
-5051
-4655
-4404
-4269
-4258
-4331
-4324
-4211
-3967
-3680
-3415
-3113
-2822
-2531
-2142
-1742
-1367
-771
-112
203
181
203
290
298
265
316
240
269
210
265
254
269
258
276
221
254
229
269
294
283
250
247
269
276
287
280
283
283
261
261
243
250
243
229
261
276
272
283
283
261
298
309
290
301
272
301
320
341
320
301
301
309
