5
10
8
8
2
-1
3
8
10
6
-2
-8
-4
3
8
-1
2
7
1
2
5
4
7
4
9
1
4
0
6
6
0
10
3
-5
3
0
1
1
2
10
7
11
11
8
14
5
4
11
11
10
4
7
7
4
5
5
5
8
1
2
8
7
30
69
110
136
162
179
202
206
216
222
238
242
237
255
249
247
247
241
238
213
199
183
167
133
105
47
-1
-11
-12
-14
-8
-10
-10
-9
-11
-7
-12
-15
-6
-10
-10
-14
-8
-8
-5
-5
-6
-5
-10
-9
-11
-4
-2
-6
-14
-8
-4
-7
-7
-5
-7
-13
0
-5
-6
-8
-14
-13
-11
-9
-3
-8
-4
-5
-16
-10
-8
0
-8
-2
-9
-8
-7
-12
-7
-9
-8
-7
-10
-5
-8
-8
-1
-1
-12
-7
0
0
-4
-2
-14
-10
-4
-7
-4
-12
-8
-3
-2
-4
-10
-11
-8
-12
-1
-4
3
1
-4
-2
0
-7
-4
0
-2
-4
-6
-5
-11
2
-7
-11
-3
2
-4
-3
-5
-3
-9
-13
-61
-103
-140
-159
-178
-191
-208
-212
-219
-231
-232
-241
-241
-251
-251
-247
-252
-243
-230
-211
-193
-182
-150
-128
-70
-10
11
8
7
2
0
6
11
4
11
3
6
7
9
17
7
6
10
2
9
15
18
14
8
6
8
-3
8
2
7
7
8
13
7
10
10
2
-5
1
5
5
10
9
4
16
4
1
2
-1
0
7
10
13
