18
22
28
37
47
54
58
59
70
68
75
90
87
84
96
108
116
126
124
132
134
139
146
159
160
167
173
175
172
179
183
194
192
199
205
199
198
199
202
212
212
223
226
221
226
221
221
226
219
232
242
236
234
239
243
256
246
245
252
256
260
264
259
261
267
266
260
269
260
266
258
269
268
268
264
265
261
267
259
264
261
255
258
261
254
254
259
255
245
248
252
247
241
236
233
236
229
231
224
227
222
221
215
208
207
206
202
192
196
187
182
170
170
167
160
153
143
143
139
129
123
119
111
104
94
89
76
71
67
51
40
45
35
22
22
9
10
3
-9
-14
-30
-30
-37
-39
-53
-56
-60
-71
-61
-68
-76
-87
-94
-99
-102
-103
-111
-115
-127
-129
-142
-140
-149
-149
-153
-161
-169
-171
-172
-174
-183
-199
-192
-192
-200
-207
-206
-209
-208
-206
-219
-218
-213
-216
-221
-223
-228
-238
-236
-238
-244
-235
-242
-242
-247
-245
-256
-252
-246
-259
-261
-261
-266
-264
-266
-265
-256
-261
-266
-261
-271
-266
-265
-270
-269
-272
-259
-265
-266
-257
-256
-266
-264
-261
-265
-254
-262
-248
-250
-251
-241
-246
-241
-241
-236
-234
-227
-226
-230
-216
-213
-214
-212
-213
-204
-202
-195
-190
-190
-185
-181
-175
-175
-163
-161
-154
-142
-143
-149
-132
-125
-120
-106
-103
-96
-87
-77
-71
-60
-48
-49
-38
-36
-24
-19
-13
-6
-1
14
8
