19
26
34
39
48
52
53
58
62
75
79
85
91
98
96
103
108
112
122
127
136
146
142
152
153
166
167
173
173
176
179
176
181
185
194
196
195
199
201
204
206
214
214
212
220
224
229
226
228
236
243
238
238
238
241
246
248
248
246
252
248
255
253
261
260
266
266
267
264
273
264
267
271
276
268
273
273
272
265
269
268
272
268
262
264
258
261
265
255
257
250
258
246
248
243
236
236
229
232
232
224
223
216
210
200
206
205
202
195
187
188
175
172
171
165
166
153
144
140
132
123
119
107
101
99
96
83
70
61
55
51
46
36
35
18
15
9
-3
-10
-18
-18
-27
-36
-43
-40
-55
-48
-61
-62
-82
-79
-82
-76
-96
-93
-100
-104
-111
-118
-123
-127
-136
-143
-147
-153
-165
-165
-171
-172
-182
-181
-192
-185
-188
-196
-200
-201
-204
-208
-209
-208
-200
-209
-217
-222
-223
-228
-233
-235
-235
-243
-241
-243
-248
-242
-248
-240
-249
-246
-249
-259
-256
-257
-262
-259
-270
-267
-266
-265
-265
-269
-266
-259
-270
-262
-277
-268
-259
-272
-263
-262
-268
-263
-266
-259
-266
-270
-261
-255
-250
-253
-259
-255
-252
-249
-240
-235
-236
-233
-233
-218
-223
-210
-208
-205
-198
-207
-200
-201
-189
-185
-190
-173
-174
-167
-159
-144
-146
-130
-133
-119
-120
-112
-111
-100
-87
-77
-82
-69
-63
-41
-33
-31
-35
-21
-1
1
5
6
13
