363
269
338
301
265
334
247
294
312
309
276
290
312
341
243
272
312
301
261
305
312
312
283
265
287
294
280
287
221
261
247
258
247
214
225
207
240
269
210
189
218
210
225
236
218
203
200
214
221
196
163
181
149
120
109
200
1734
6306
11892
15274
15664
13376
10165
7652
6160
5386
4909
4527
4124
3786
3618
3542
3658
3771
3866
3855
3684
3462
3102
2724
2414
2113
1880
1614
1040
167
-141
-247
-294
-280
-276
-294
-276
-272
-320
-229
-280
-265
-236
-250
-243
-287
-236
-207
-247
-247
-236
-276
-363
-323
-363
-356
-323
-301
-283
-254
-225
-261
-250
-236
-280
-254
-276
-261
-272
-272
-287
-272
-269
-316
-247
-272
-272
-309
-298
-356
-363
-294
-320
-287
-345
-330
-294
-312
-258
-290
-225
-247
-269
-294
-316
-280
-309
-269
-294
-272
-276
-283
-240
-243
-254
-258
-247
-261
-269
-269
-232
-210
-247
-145
-221
-225
-265
-207
-218
-243
-218
-181
-196
-134
-167
-178
-178
-130
-152
-229
-170
-181
-160
-152
-120
-58
-130
-141
-178
-236
-1305
-5480
-10594
-13649
-14249
-12794
-10514
-8492
-6935
-5811
-4884
-4080
-3585
-3455
-3458
-3556
-3647
-3731
-3709
-3600
-3375
-2996
-2687
-2378
-2185
-1869
-1622
-1382
-807
-83
152
170
258
247
258
290
301
301
272
243
247
261
240
207
254
210
189
240
210
276
229
309
341
363
385
414
385
341
294
327
280
250
254
254
247
316
290
258
309
243
236
276
240
280
316
272
301
290
290
345
363
316
290
312
