0
4
17
13
12
4
5
9
7
7
5
3
10
5
-4
6
-2
1
7
8
9
5
10
6
0
6
1
5
0
-3
0
-4
5
9
2
2
4
8
3
4
7
5
2
5
-2
11
7
4
8
0
1
2
4
6
5
2
2
1
6
8
53
106
149
179
198
203
215
212
209
213
221
228
242
249
249
255
249
248
235
229
219
193
177
157
144
96
29
1
-7
-3
-10
-3
-7
-10
-14
-11
-8
-12
-4
-10
-13
-7
-3
-11
-10
-11
-14
-22
-17
-14
-5
-4
-16
-17
-8
-12
-5
-15
-5
-11
-14
-14
-5
-1
-7
-7
-3
-6
-6
-9
-2
-4
-5
-10
-10
-4
-6
-4
-1
-11
-2
-10
-15
-9
-14
-1
-10
-6
0
-10
-2
-5
-5
-5
-10
-3
-7
-7
-11
-8
-8
-7
-4
-7
-8
-4
-6
-2
-1
-2
0
-1
-5
-4
-13
-1
-9
-7
0
-2
-8
-6
-6
-2
-3
0
-7
-11
-4
-5
-1
-5
0
-4
-7
-2
-5
-7
-10
-29
-66
-116
-157
-185
-200
-199
-206
-203
-218
-215
-224
-234
-244
-248
-248
-259
-255
-248
-239
-224
-219
-190
-179
-157
-132
-61
-5
7
4
15
12
15
11
11
11
6
0
10
7
12
17
12
17
15
4
10
2
5
5
11
19
8
6
11
0
12
8
10
2
7
7
7
2
2
0
6
-1
7
5
0
1
4
9
14
5
10
-1
5
2
0
