4
1
5
-2
0
8
0
1
-2
4
2
-4
1
-2
-4
-4
1
7
4
4
6
0
7
0
0
0
4
4
1
0
4
5
5
10
9
6
5
7
-1
-4
2
-1
0
3
4
2
8
5
10
2
1
1
1
4
7
6
8
4
12
0
8
2
0
11
25
45
87
114
124
144
167
179
201
200
211
216
220
216
225
214
203
192
179
158
135
100
43
-4
-4
-8
-5
-9
-10
-1
-7
-7
-2
-8
-6
-7
-5
-5
-12
-8
-12
-3
-8
-5
-2
-8
-7
-8
-6
-1
-11
-9
-7
-10
2
-9
-7
-1
-5
-7
-10
-3
-14
-4
-4
-5
-1
-14
-8
-5
-10
-5
-7
-7
-11
-4
0
-9
-5
-10
-8
-1
-6
-1
-1
-4
6
-5
-3
-1
-5
0
0
-3
-2
-6
-4
-7
-2
-2
-10
-4
1
-9
-7
-10
-9
-16
-4
-7
-9
2
-3
-10
-2
-8
-3
-17
-11
-6
-3
-4
-10
-4
-4
0
0
1
5
1
-1
-3
-9
-2
1
-4
-3
-7
-5
-20
-35
-61
-96
-117
-147
-166
-188
-203
-215
-225
-230
-238
-239
-241
-233
-225
-215
-199
-189
-160
-135
-103
-43
-2
12
11
10
7
4
2
7
6
7
8
8
8
4
4
12
7
14
11
1
12
7
4
4
5
8
8
20
12
2
14
10
12
11
3
2
3
9
8
4
12
7
3
4
2
1
12
8
11
8
1
0
-6
