367
341
276
269
218
276
214
280
298
265
294
298
294
283
276
301
272
305
334
247
287
247
247
261
261
276
247
240
174
192
232
232
214
181
214
207
196
218
196
250
236
210
218
123
178
174
152
145
163
120
174
130
170
189
138
174
90
192
1585
4637
7848
9728
10296
10052
9419
8510
7459
6360
5411
4767
4433
4320
4255
4233
4207
4215
4116
3956
3764
3436
3062
2771
2400
2062
1734
1302
774
112
-163
-185
-254
-276
-338
-301
-294
-290
-378
-254
-243
-229
-240
-258
-196
-232
-210
-236
-287
-261
-301
-305
-283
-276
-258
-290
-312
-294
-236
-250
-247
-236
-272
-258
-276
-280
-301
-276
-280
-269
-320
-287
-276
-330
-312
-316
-349
-330
-316
-309
-360
-345
-334
-352
-338
-298
-294
-323
-236
-276
-290
-269
-269
-258
-280
-250
-272
-280
-272
-294
-298
-280
-240
-316
-243
-240
-232
-305
-290
-250
-210
-221
-207
-200
-196
-240
-181
-189
-185
-232
-229
-170
-250
-200
-185
-200
-156
-210
-192
-200
-167
-141
-156
-134
-105
-127
-145
-116
-127
-552
-3094
-7415
-10954
-12492
-12165
-10506
-8324
-6637
-5651
-5280
-5124
-4993
-4753
-4546
-4469
-4411
-4415
-4415
-4309
-4164
-3916
-3556
-3240
-2927
-2607
-2236
-1825
-1349
-701
-21
203
265
283
305
283
345
345
316
247
280
309
280
283
294
261
265
261
280
287
236
276
301
290
305
309
309
320
305
240
254
305
258
272
221
276
290
312
316
269
290
276
265
276
334
298
360
334
298
360
341
330
316
