10
6
4
2
3
0
0
-2
4
3
-1
0
-4
5
5
6
7
0
7
7
5
4
-2
10
7
1
7
11
11
6
7
7
0
1
6
6
10
10
6
0
7
4
6
-1
0
0
3
4
3
13
7
0
0
2
-1
0
1
0
-1
5
4
14
36
64
97
114
125
146
160
175
192
207
217
219
233
227
235
234
219
214
202
182
163
140
114
57
0
-10
-8
-8
-10
-3
-6
-17
-6
-7
-11
-5
-7
-12
-13
-14
-8
-15
-5
-9
-5
0
-10
-17
-9
-8
-2
-10
-7
-4
-7
-3
-12
-14
-14
-3
-13
-12
-12
-9
-11
-3
-11
-10
-11
-3
-11
-10
-7
-14
-11
-7
-6
-15
-16
-10
-8
-8
-3
-7
0
-4
0
-4
-10
-10
-6
0
0
-15
-4
-9
-5
-5
-12
0
-8
-10
-10
-15
-5
-8
-5
-2
-14
-8
-8
-5
-8
-2
-1
-5
-8
-10
-4
-7
-11
-6
-2
1
-8
-12
-5
-2
-7
-7
-4
-2
0
-8
-10
-10
-5
-9
-12
-25
-45
-67
-111
-131
-149
-156
-177
-180
-199
-205
-219
-227
-226
-229
-229
-227
-220
-200
-193
-178
-163
-130
-101
-35
-2
9
1
5
14
10
9
11
8
7
1
11
2
-11
5
-1
4
7
6
4
1
8
0
-1
4
1
2
11
6
8
5
1
11
0
6
4
10
10
9
10
5
2
2
11
8
2
1
8
-1
5
0
4
8
9
