10
1
3
-1
-3
2
8
2
0
4
0
2
8
4
0
11
8
6
4
6
4
4
-1
9
8
5
4
-4
5
6
8
1
-3
8
7
5
5
-4
1
-3
0
1
2
11
8
6
4
5
8
2
0
8
1
-2
4
0
6
-6
0
2
-1
1
-2
5
0
13
38
60
87
114
143
165
172
192
202
206
206
205
211
200
193
185
174
140
135
104
45
8
-3
-2
-7
-8
-5
-2
-2
-4
-7
-5
-7
-6
-5
-10
-12
-8
2
-1
-10
-4
-2
-8
-11
-10
-13
-12
-11
-1
-2
0
-9
-10
-4
-8
-10
-10
-2
-1
-2
-5
-15
-17
-10
-9
-2
-10
-1
0
-3
-3
-4
-7
-7
-6
-4
-2
-1
1
-10
0
-9
-5
-11
-12
-4
-5
-5
-7
-11
-1
-4
-1
1
-5
-5
2
-3
-3
-1
-2
-3
-11
-1
-5
-7
-3
-1
4
-1
-1
0
-2
-2
0
-3
-7
-2
-5
3
-1
-3
0
2
0
5
-4
-2
0
-8
0
-4
-9
-7
0
1
-8
-5
-20
-47
-74
-104
-123
-147
-156
-183
-194
-201
-213
-213
-206
-200
-204
-185
-167
-162
-136
-109
-70
-23
3
8
6
3
2
-5
2
0
3
7
5
15
14
5
2
8
10
1
6
0
0
7
5
1
5
-3
-1
-4
-2
2
4
7
11
4
10
8
2
0
8
8
7
11
10
3
3
-4
4
4
0
11
8
7
4
