7
14
20
21
37
39
45
56
61
63
74
71
76
88
84
92
96
102
113
121
115
133
133
133
144
147
153
157
168
176
178
182
189
185
191
195
194
199
213
208
208
210
208
209
217
217
216
224
221
236
233
238
235
238
243
242
251
252
252
253
249
252
261
261
269
266
262
263
265
266
265
263
267
274
266
268
265
261
269
269
268
267
270
266
269
270
262
262
264
264
255
252
257
252
247
247
242
241
240
236
234
230
229
231
217
219
213
210
205
203
186
185
186
179
171
163
155
150
144
142
133
123
120
116
113
94
93
81
80
70
68
63
51
46
30
28
28
4
4
-2
-20
-20
-22
-27
-41
-47
-40
-60
-58
-66
-66
-76
-78
-84
-91
-95
-102
-110
-115
-118
-119
-124
-133
-139
-149
-146
-165
-166
-170
-175
-182
-185
-185
-195
-195
-206
-194
-203
-202
-203
-210
-208
-219
-219
-226
-221
-220
-228
-227
-243
-233
-230
-247
-240
-248
-242
-239
-248
-263
-262
-255
-252
-267
-256
-264
-268
-263
-271
-272
-266
-272
-265
-265
-268
-264
-270
-261
-275
-274
-264
-267
-262
-261
-267
-264
-263
-259
-260
-258
-252
-254
-255
-252
-258
-252
-246
-247
-237
-233
-232
-232
-227
-218
-218
-216
-220
-216
-198
-202
-194
-190
-187
-179
-178
-173
-164
-155
-150
-143
-142
-133
-131
-114
-117
-107
-94
-83
-83
-79
-76
-64
-58
-45
-45
-44
-27
-14
-12
-5
-1
