14
27
29
46
44
49
56
58
56
64
71
72
83
96
89
97
108
112
121
126
134
130
140
153
150
153
166
161
168
177
184
182
176
182
193
191
198
200
202
207
202
215
226
226
225
223
228
223
228
233
242
241
249
239
241
242
241
247
255
255
256
259
256
264
264
264
265
264
267
268
267
273
274
266
262
263
264
266
264
272
269
269
268
264
263
262
264
258
261
255
248
248
249
249
245
246
239
237
235
226
223
224
222
221
219
211
209
201
187
188
192
184
174
177
166
163
154
156
147
126
125
114
110
103
97
90
85
75
70
61
51
43
40
29
25
23
11
-1
-8
-9
-22
-20
-32
-39
-53
-44
-53
-61
-61
-69
-75
-86
-80
-96
-97
-108
-109
-110
-118
-133
-133
-140
-143
-153
-147
-156
-162
-169
-178
-181
-178
-187
-188
-194
-192
-193
-200
-209
-209
-201
-215
-212
-213
-212
-218
-233
-223
-233
-237
-231
-242
-243
-242
-246
-251
-261
-255
-252
-255
-259
-255
-256
-256
-261
-266
-268
-268
-261
-273
-269
-270
-271
-272
-264
-267
-269
-270
-268
-265
-271
-266
-266
-261
-259
-266
-261
-264
-265
-254
-263
-252
-256
-251
-251
-252
-244
-246
-236
-228
-231
-225
-222
-226
-223
-222
-211
-210
-206
-195
-199
-185
-182
-169
-171
-166
-157
-152
-148
-135
-130
-126
-110
-109
-104
-100
-87
-75
-74
-71
-60
-52
-46
-32
-33
-23
-9
-8
0
2
15
