363
305
265
243
327
334
280
312
305
312
363
316
269
345
276
287
309
298
312
345
280
247
232
236
236
283
294
221
196
240
214
181
236
221
167
200
243
185
189
192
207
156
174
134
127
170
200
152
236
170
149
181
178
163
163
163
520
2513
6160
9874
12143
12485
11332
9263
7317
5986
5266
4931
4698
4473
4306
4175
4156
4127
4022
3887
3756
3505
3236
2924
2589
2240
1854
1440
923
287
-141
-167
-203
-243
-265
-254
-258
-309
-294
-290
-258
-283
-254
-254
-196
-225
-247
-261
-250
-261
-287
-290
-283
-309
-298
-287
-240
-254
-316
-287
-283
-254
-301
-269
-290
-298
-240
-312
-261
-280
-265
-265
-283
-265
-327
-294
-280
-334
-312
-316
-309
-323
-294
-276
-269
-323
-330
-327
-345
-258
-290
-240
-276
-265
-229
-276
-254
-290
-254
-309
-243
-269
-316
-258
-316
-258
-272
-236
-240
-232
-200
-229
-243
-243
-214
-203
-221
-207
-207
-207
-214
-207
-196
-218
-185
-189
-170
-225
-145
-145
-174
-134
-160
-174
-170
-127
-123
-120
-87
-167
-1218
-4309
-8419
-11630
-12801
-11987
-9957
-7892
-6484
-5702
-5280
-4942
-4698
-4466
-4280
-4138
-4113
-4098
-4084
-3953
-3789
-3498
-3164
-2865
-2553
-2233
-1767
-1280
-858
-160
145
232
240
272
330
345
312
316
305
301
320
316
290
290
247
269
272
265
261
301
294
341
320
298
294
265
334
301
272
330
272
280
280
305
298
283
290
294
309
247
247
236
247
290
352
367
323
349
374
298
276
312
327
316
