15
24
29
38
40
44
50
55
66
74
76
75
80
87
96
97
97
115
112
127
130
137
146
155
159
165
166
170
182
179
185
185
183
191
195
198
206
206
206
209
213
221
218
216
224
218
223
238
238
240
231
238
244
246
249
245
255
251
251
255
254
261
252
259
263
264
272
257
257
260
256
264
264
268
263
262
262
260
256
262
263
262
256
260
259
252
253
248
245
243
248
240
242
242
240
239
236
231
233
222
222
225
219
222
210
206
203
204
193
190
176
179
170
174
168
156
155
151
136
136
123
115
109
107
96
84
76
66
65
60
46
45
37
30
25
18
9
8
-10
-22
-17
-21
-26
-41
-43
-53
-66
-56
-66
-69
-80
-75
-88
-91
-97
-99
-114
-120
-123
-129
-142
-146
-155
-155
-167
-159
-173
-172
-173
-173
-186
-180
-183
-195
-190
-202
-192
-203
-200
-206
-210
-209
-221
-221
-226
-224
-227
-236
-229
-239
-235
-241
-244
-247
-249
-241
-259
-258
-253
-265
-258
-262
-268
-258
-268
-260
-259
-268
-264
-265
-262
-259
-266
-259
-251
-266
-262
-273
-265
-260
-266
-260
-257
-264
-258
-256
-253
-255
-252
-249
-245
-239
-243
-239
-235
-234
-232
-226
-226
-225
-216
-216
-217
-213
-209
-211
-201
-191
-188
-188
-176
-170
-173
-166
-161
-158
-160
-141
-146
-132
-121
-116
-107
-104
-96
-90
-87
-67
-68
-57
-53
-43
-39
-34
-24
-18
-4
12
10
11
