316
309
269
276
254
232
218
240
265
243
200
254
254
214
243
250
232
261
247
287
265
240
261
229
210
225
189
218
247
207
167
192
200
170
196
200
196
203
189
178
189
152
120
160
167
130
127
127
116
152
109
127
72
127
112
130
436
2422
6164
9881
11976
11939
10626
8954
7502
6411
5633
5186
4884
4651
4495
4437
4400
4316
4167
3975
3698
3462
3113
2764
2505
2240
1902
1483
1011
476
-32
-185
-272
-301
-290
-334
-392
-341
-316
-287
-323
-287
-290
-265
-250
-250
-265
-269
-240
-312
-305
-305
-309
-334
-352
-312
-349
-290
-283
-309
-294
-312
-276
-345
-290
-298
-309
-316
-345
-258
-320
-305
-352
-330
-334
-305
-301
-392
-345
-352
-381
-370
-345
-298
-294
-301
-301
-283
-258
-276
-305
-312
-327
-312
-323
-298
-261
-298
-283
-280
-320
-298
-323
-272
-305
-247
-265
-287
-276
-349
-301
-258
-207
-232
-247
-189
-221
-218
-207
-240
-265
-265
-221
-218
-221
-214
-170
-167
-200
-196
-203
-192
-181
-192
-149
-163
-105
-138
-149
-414
-2567
-6902
-10987
-13321
-13947
-13045
-11048
-8743
-6731
-5564
-5120
-5080
-5128
-5037
-4935
-4760
-4662
-4604
-4426
-4266
-3978
-3705
-3385
-3069
-2720
-2345
-2011
-1603
-1109
-505
54
232
243
272
269
265
349
323
276
320
294
258
254
240
290
269
247
283
261
287
352
301
305
276
338
345
287
269
330
294
272
301
294
312
316
280
294
287
312
298
269
272
287
305
334
352
341
349
301
323
363
345
341
316
