13
17
33
31
43
48
50
52
64
63
70
74
86
93
100
101
107
109
120
126
130
144
144
150
158
163
165
170
176
173
184
186
188
189
194
190
199
206
204
207
213
217
212
216
222
228
220
231
230
231
234
243
240
242
242
242
252
254
255
255
261
258
262
261
258
268
267
268
262
264
269
271
273
263
259
255
258
257
260
258
264
259
261
252
256
255
254
261
252
248
240
242
242
233
237
236
228
231
233
224
225
219
212
206
203
202
206
199
193
191
186
187
169
162
165
159
150
149
139
134
120
123
110
98
95
85
71
69
65
57
57
44
32
30
20
20
12
1
-10
-19
-31
-25
-27
-37
-46
-57
-53
-64
-60
-74
-74
-87
-87
-85
-97
-111
-111
-118
-124
-129
-138
-140
-149
-156
-154
-156
-171
-167
-169
-176
-180
-190
-186
-190
-196
-198
-216
-209
-205
-204
-222
-225
-218
-228
-226
-233
-229
-229
-229
-229
-234
-233
-232
-242
-241
-252
-243
-255
-260
-254
-259
-259
-260
-265
-264
-269
-269
-260
-275
-268
-269
-264
-253
-257
-269
-265
-268
-259
-267
-261
-258
-259
-255
-255
-257
-248
-260
-258
-251
-248
-243
-247
-247
-238
-241
-233
-232
-231
-230
-221
-216
-218
-210
-210
-203
-198
-201
-194
-191
-181
-186
-179
-167
-167
-157
-159
-145
-146
-139
-134
-116
-117
-108
-110
-89
-84
-79
-74
-64
-62
-47
-43
-29
-18
-24
-12
-5
7
10
5
