301
294
305
258
265
305
316
280
280
265
261
280
269
290
290
261
243
232
276
316
258
283
272
254
225
258
232
207
210
236
258
243
254
192
221
269
218
207
261
258
250
160
185
170
109
170
163
130
138
149
170
170
112
127
160
134
669
3156
7368
10554
11630
11074
10012
8804
7735
6713
5757
5095
4720
4535
4491
4469
4444
4327
4186
3982
3847
3596
3309
2909
2556
2182
1854
1498
1061
530
-14
-261
-247
-290
-261
-261
-327
-258
-345
-330
-298
-258
-250
-247
-225
-254
-207
-276
-258
-334
-287
-312
-338
-247
-283
-298
-341
-309
-283
-349
-305
-301
-265
-276
-250
-207
-323
-272
-250
-258
-258
-229
-283
-345
-301
-374
-378
-374
-305
-309
-356
-298
-367
-323
-349
-305
-290
-309
-283
-280
-287
-309
-272
-280
-298
-247
-290
-290
-312
-247
-349
-309
-309
-290
-254
-280
-240
-269
-280
-265
-232
-189
-229
-203
-247
-207
-225
-261
-258
-240
-192
-192
-243
-214
-200
-160
-210
-170
-163
-156
-160
-174
-98
-109
-94
-145
-109
-69
-130
-138
-727
-3425
-7735
-11012
-12045
-11401
-10103
-8757
-7568
-6506
-5662
-5033
-4604
-4397
-4356
-4298
-4269
-4215
-4087
-3960
-3713
-3495
-3164
-2862
-2531
-2145
-1796
-1451
-901
-320
120
160
232
276
265
280
280
283
290
261
269
301
258
189
214
200
250
305
258
298
305
305
323
360
367
327
327
323
290
305
323
269
283
298
294
261
272
247
280
240
269
298
290
272
298
334
381
334
363
360
312
349
327
320
