316
272
287
290
236
265
290
250
287
294
316
276
232
272
272
232
250
247
240
287
232
258
269
232
258
232
203
272
207
254
254
232
221
294
196
160
170
178
185
152
189
181
123
181
178
149
109
116
167
181
152
141
141
145
138
105
130
854
3676
7877
11085
12074
11165
9466
7953
6826
6055
5495
5000
4720
4535
4426
4335
4378
4342
4244
4102
3862
3527
3258
2971
2633
2367
2025
1596
1167
665
80
-174
-240
-261
-287
-341
-349
-381
-298
-316
-276
-287
-272
-225
-247
-210
-240
-250
-290
-312
-272
-290
-280
-316
-312
-356
-330
-258
-301
-276
-305
-261
-236
-261
-240
-276
-290
-349
-261
-287
-272
-327
-327
-320
-330
-309
-349
-323
-309
-330
-352
-356
-323
-320
-316
-312
-290
-316
-261
-250
-276
-265
-316
-269
-290
-309
-265
-305
-312
-287
-243
-294
-312
-272
-312
-280
-283
-232
-229
-276
-221
-203
-196
-210
-236
-280
-236
-207
-214
-203
-221
-207
-196
-189
-196
-189
-192
-152
-163
-152
-200
-163
-178
-167
-185
-167
-156
-181
-141
-160
-752
-3284
-6961
-9415
-10354
-10248
-9677
-8823
-7841
-6728
-5739
-4964
-4524
-4327
-4236
-4291
-4386
-4411
-4338
-4182
-3891
-3593
-3338
-2996
-2676
-2309
-1880
-1516
-1080
-545
58
174
207
265
269
272
290
309
269
258
272
225
218
254
218
225
236
229
243
243
280
309
316
301
338
247
283
254
250
276
283
225
272
261
280
290
290
250
261
305
283
243
261
232
269
338
327
294
305
374
334
356
338
