287
272
243
327
327
269
290
290
261
272
247
269
254
247
261
254
272
283
218
250
240
225
232
196
192
243
254
214
214
200
229
170
192
243
225
167
240
210
185
200
167
196
189
141
145
116
138
152
192
178
185
130
196
145
120
83
127
632
2873
6771
10299
12110
12165
10921
9194
7131
5473
4477
4146
4218
4364
4520
4495
4367
4244
4142
3946
3735
3436
3084
2756
2483
2160
1778
1414
901
250
-101
-160
-258
-290
-287
-330
-418
-301
-320
-298
-305
-247
-203
-258
-232
-258
-250
-247
-330
-327
-352
-290
-323
-294
-320
-312
-294
-330
-309
-327
-243
-280
-309
-287
-309
-261
-269
-258
-294
-320
-280
-287
-316
-338
-320
-330
-320
-345
-330
-341
-356
-320
-360
-312
-294
-309
-305
-349
-287
-301
-309
-320
-316
-258
-305
-301
-349
-298
-298
-327
-294
-320
-330
-269
-243
-247
-229
-269
-243
-203
-261
-254
-290
-280
-196
-192
-178
-210
-261
-247
-232
-210
-250
-210
-232
-167
-181
-174
-170
-214
-134
-163
-174
-170
-149
-152
-207
-112
-105
-181
-1032
-3953
-8004
-11172
-12441
-12005
-10528
-8641
-6786
-5346
-4342
-3796
-3749
-3909
-4109
-4211
-4291
-4211
-4233
-3964
-3720
-3498
-3156
-2764
-2407
-2069
-1669
-1236
-716
-58
160
214
261
240
254
283
301
247
305
290
290
250
207
210
178
167
189
185
258
265
243
261
269
330
298
265
280
247
280
240
203
250
276
261
280
269
229
236
265
250
232
225
247
287
254
280
309
320
327
334
290
305
305
