254
301
272
283
323
276
269
258
236
258
269
261
272
232
250
287
258
232
225
265
243
243
243
207
243
247
258
203
185
156
207
185
130
170
163
196
225
218
185
243
207
210
174
203
152
149
167
192
141
174
167
145
134
112
87
76
87
414
2222
5891
9485
11059
10648
9350
8062
7055
6331
5699
5149
4818
4604
4451
4426
4371
4295
4138
4036
3775
3578
3356
3084
2800
2433
2087
1654
1181
556
50
-178
-261
-232
-298
-316
-323
-301
-312
-294
-312
-298
-272
-250
-218
-312
-225
-236
-247
-269
-334
-360
-356
-316
-320
-280
-316
-316
-250
-323
-305
-309
-294
-294
-287
-254
-283
-290
-272
-280
-298
-261
-287
-287
-305
-320
-316
-352
-338
-334
-352
-330
-392
-309
-305
-290
-294
-280
-290
-323
-298
-334
-280
-272
-265
-240
-265
-229
-323
-320
-269
-272
-287
-287
-247
-327
-294
-280
-240
-283
-276
-221
-225
-221
-240
-207
-163
-243
-221
-221
-185
-192
-236
-280
-272
-170
-196
-167
-152
-163
-170
-178
-192
-203
-174
-156
-156
-123
-163
-101
-625
-3175
-6840
-9543
-10474
-10197
-9408
-8430
-7488
-6502
-5659
-5069
-4738
-4560
-4426
-4429
-4437
-4411
-4287
-4098
-3884
-3615
-3353
-3036
-2702
-2393
-1993
-1596
-1189
-636
-120
149
200
247
261
258
254
338
276
265
269
243
287
254
243
229
225
269
258
218
272
309
290
334
269
290
320
265
232
294
280
290
240
309
334
272
258
232
258
287
243
203
265
243
254
269
287
280
305
334
356
356
323
