360
341
290
283
254
261
312
243
269
269
287
254
269
261
261
290
258
298
243
221
247
269
254
254
250
280
265
232
218
236
243
240
225
218
221
250
243
225
225
185
138
196
181
138
149
174
170
167
160
200
170
156
167
112
152
189
1054
4033
8263
11758
13223
12750
11110
9172
7361
5946
4946
4371
4240
4320
4422
4560
4735
4677
4586
4356
4113
3891
3662
3324
2982
2560
2113
1643
1167
552
-43
-178
-280
-294
-316
-360
-287
-305
-290
-323
-352
-272
-290
-280
-261
-221
-254
-210
-258
-298
-269
-309
-305
-309
-320
-338
-327
-334
-272
-298
-334
-283
-316
-276
-272
-280
-283
-316
-265
-309
-276
-247
-280
-312
-356
-338
-385
-356
-323
-316
-374
-374
-338
-345
-294
-283
-301
-254
-309
-301
-320
-276
-312
-301
-269
-352
-298
-327
-290
-330
-298
-309
-294
-287
-312
-232
-294
-243
-232
-218
-221
-221
-240
-265
-192
-196
-236
-261
-247
-250
-254
-240
-214
-225
-170
-174
-200
-196
-145
-174
-174
-163
-167
-152
-134
-156
-160
-163
-112
-181
-1316
-5131
-10136
-13580
-14402
-13020
-10805
-8521
-6797
-5597
-4964
-4702
-4655
-4662
-4717
-4786
-4764
-4611
-4382
-4095
-3847
-3618
-3316
-2945
-2593
-2196
-1858
-1585
-1127
-450
87
170
232
301
272
290
272
287
320
301
287
261
236
236
258
229
247
258
305
287
294
309
320
305
309
341
280
283
290
290
280
312
312
323
301
305
287
323
345
272
280
305
287
301
276
294
363
330
360
338
356
294
327
301
