0
7
5
11
5
8
0
4
0
6
8
2
1
8
5
5
5
2
8
9
-7
1
1
6
5
1
5
3
5
7
0
14
7
5
13
1
8
8
7
8
2
5
4
5
6
4
4
2
8
11
5
8
11
7
7
1
4
10
3
7
2
21
57
91
121
141
164
187
193
199
206
210
220
227
236
235
233
228
216
205
197
179
167
148
119
52
-2
-8
-4
-12
-6
-11
-10
-11
-12
-7
-9
-10
-9
-14
-2
-14
-7
-4
-1
-4
-10
-15
-4
-9
-2
-12
-12
-5
-7
3
-5
-7
-4
-7
-4
-3
-3
-3
-8
-6
-10
-14
-4
-14
-12
-11
-5
-2
-8
-6
-12
-1
-7
-8
-7
-11
-1
-7
-19
-11
-15
-12
-13
-6
-5
-7
-2
-4
-11
-7
-4
-6
-12
-7
-3
-4
-2
-3
-7
-6
-8
-7
-2
-8
-11
-10
0
-1
0
0
-11
-7
-5
-5
-8
-7
-5
-11
-8
0
-3
-2
-5
-6
0
-8
-3
-8
-5
-5
-11
-1
-8
0
-5
-30
-64
-104
-127
-152
-167
-176
-192
-195
-206
-205
-224
-227
-236
-232
-232
-229
-215
-202
-190
-178
-159
-136
-109
-44
0
0
4
4
12
7
2
5
7
4
13
8
14
7
6
5
6
1
7
7
15
12
16
5
3
8
7
7
6
5
5
4
11
5
7
10
8
7
9
2
4
1
12
10
1
4
4
4
1
2
9
5
8
2
