17
5
9
10
-1
10
0
11
4
0
4
0
5
12
5
8
2
3
4
5
1
7
5
8
2
18
9
-4
2
0
6
9
11
6
3
11
11
5
10
15
9
6
0
0
6
5
2
-6
4
-1
4
3
1
2
-2
11
7
3
9
5
7
41
81
119
161
185
202
210
220
229
247
244
254
260
271
265
263
255
254
241
228
215
205
175
148
120
51
3
-8
-10
-20
-3
-7
-11
-7
-8
-1
-8
-12
-11
-6
0
-5
-15
1
-1
-5
-11
-11
-2
-8
0
-7
-8
-4
-16
-5
-10
-5
-8
-15
-9
-9
-7
-2
-3
-6
-2
-8
-7
-6
-6
-10
-5
-11
-7
-5
-8
-2
0
-8
-6
-7
-8
-13
-19
-2
-5
-5
-4
-7
-7
-7
-12
-7
-7
-4
-12
-9
-5
-9
-2
-12
-10
-8
-12
-11
-18
-10
-9
-7
-8
-9
-5
-4
-10
-12
-8
-7
-9
-8
-8
0
0
-4
1
-7
-5
0
-5
-1
-4
-10
-8
-17
-8
-1
-10
-5
-5
-9
-46
-86
-120
-142
-162
-182
-193
-202
-218
-218
-229
-241
-251
-265
-256
-264
-259
-260
-249
-231
-225
-206
-176
-159
-114
-58
-7
5
4
7
12
14
10
11
13
11
5
5
7
11
11
7
10
2
8
5
10
5
4
10
9
11
7
2
8
2
8
11
3
4
7
1
11
4
11
11
11
12
5
10
8
6
4
3
5
2
1
3
5
