10
8
6
7
5
1
8
4
7
10
5
4
0
4
3
0
5
8
5
5
6
5
10
10
7
0
6
1
8
8
1
8
1
7
9
-4
9
11
5
2
5
5
2
9
7
-2
7
5
0
7
10
5
11
8
10
7
0
9
8
4
1
6
19
38
73
98
118
130
148
170
185
201
216
221
227
231
234
229
226
216
208
192
183
159
144
102
30
1
-7
-12
-10
-5
-2
-9
-7
-2
-12
-8
-12
-12
-4
-6
-7
-6
-4
-2
-11
-5
-4
-15
-4
-5
-1
-1
-5
-4
-6
-2
-7
-2
-1
-8
-6
-10
-5
-5
-4
0
-8
-9
-8
-9
1
-11
-9
-10
-11
-3
-7
-8
-6
-11
-4
-5
-7
-4
-11
-5
-7
0
0
-7
-7
-11
-7
-11
-8
-6
-3
-2
-4
-9
-4
-4
-4
-7
-14
-4
-8
-11
-3
-1
-3
-4
0
-5
-6
-4
-2
-8
-10
-16
-5
-8
-1
-5
-8
-1
-2
1
-4
-1
-2
-8
-4
-8
-7
-1
-7
-1
-7
-7
-29
-71
-95
-134
-153
-171
-186
-205
-219
-224
-233
-235
-235
-234
-241
-238
-226
-232
-219
-213
-184
-158
-140
-94
-28
6
6
3
8
7
11
9
2
11
5
11
7
4
7
11
5
11
5
11
11
12
5
1
3
6
-4
7
5
6
6
10
11
4
7
6
-2
14
8
2
6
10
8
-1
2
7
1
10
9
7
7
5
9
8
