2
2
8
0
0
9
3
3
5
4
7
7
8
0
4
7
1
7
5
14
7
5
14
5
0
10
3
11
8
11
8
0
4
0
0
12
0
5
4
10
4
5
2
11
8
4
2
4
4
0
3
1
5
1
4
15
5
5
7
7
22
64
115
160
183
193
199
213
216
222
229
236
246
239
243
240
242
238
239
230
222
202
189
175
157
122
55
1
-10
-10
-5
-5
-11
-5
-5
-1
-5
-7
-7
-8
-5
-8
-12
-10
-8
-8
-6
-11
-8
-8
-7
-10
-16
-6
-10
-2
-1
-2
-2
-4
-3
-11
-8
-8
-8
-7
-3
-9
-2
-11
-7
-8
-14
-10
-12
-8
-10
-7
-10
-12
-2
-4
-11
-1
-7
0
-10
-3
-5
-12
-8
-5
0
-7
-8
-9
-12
-9
-2
-8
-7
-14
-4
-1
-8
-1
-8
-8
-2
-2
-1
3
3
-2
-5
0
-7
-10
-5
-2
-5
-9
-3
-7
-6
-8
-7
-3
-13
-14
-10
-12
-1
-4
-8
-4
-2
0
0
-3
-10
-21
-36
-55
-77
-102
-126
-149
-171
-191
-209
-227
-241
-245
-251
-255
-250
-252
-242
-229
-228
-208
-192
-165
-144
-123
-49
-1
8
12
2
10
7
9
11
10
10
7
7
6
10
9
17
8
10
14
7
12
12
10
14
7
11
12
8
7
9
11
10
8
12
7
4
2
10
8
16
11
7
9
8
0
8
5
2
4
6
2
11
5
