12
6
5
11
8
8
7
12
8
12
10
2
7
10
0
1
7
9
7
7
14
19
11
11
7
7
12
7
1
9
4
5
1
10
7
7
10
4
8
6
5
11
8
8
6
0
7
0
2
5
5
-1
3
8
8
-1
8
3
4
11
7
9
29
63
94
121
147
171
193
208
219
242
243
247
251
248
248
249
239
229
212
199
180
157
133
97
28
0
-7
-8
-5
-4
-11
-7
-10
-12
-14
-13
-5
-7
-8
-11
-14
-7
-10
-6
-10
-13
-11
-6
-7
-12
-8
-7
-14
-8
-8
-6
-5
-12
-10
-9
-8
-4
-10
0
-7
0
-8
-10
-4
-8
-8
-11
-10
-2
-1
0
0
-2
-2
-8
-7
-4
-5
-7
-12
-1
-10
-8
5
-7
-11
-6
-1
-5
-4
-2
-3
-14
-12
-9
-2
-1
0
-8
-8
-2
0
-9
-4
2
-2
-4
-8
-5
-15
-5
-4
-6
-8
-10
-11
-7
-5
-14
-13
-7
-9
-7
-4
-11
1
-9
-7
-6
-17
-10
-13
-7
-4
0
-6
-28
-57
-94
-120
-146
-160
-186
-192
-207
-212
-220
-229
-239
-240
-231
-225
-221
-214
-206
-173
-155
-129
-104
-41
-4
4
7
5
5
14
9
4
3
12
15
11
8
7
0
11
11
10
5
7
8
2
8
8
11
12
4
7
-1
6
12
4
11
5
7
10
4
7
4
14
9
5
1
4
5
9
-1
1
3
7
10
5
0
