17
20
25
31
39
45
53
57
61
64
68
76
84
86
93
99
99
105
119
120
126
129
134
144
143
144
154
162
162
179
182
180
179
189
196
200
202
204
198
206
202
209
217
218
213
220
219
230
240
234
236
237
233
233
234
244
245
245
255
255
254
261
261
260
255
258
259
260
266
261
269
261
264
267
271
271
258
268
265
264
259
255
259
265
265
266
263
260
252
258
252
249
249
243
241
236
240
240
238
231
225
225
219
214
211
208
210
203
200
192
183
174
180
169
163
157
143
139
142
133
121
119
108
106
102
91
85
77
67
60
57
39
34
36
20
18
8
0
-5
-16
-15
-35
-32
-40
-47
-42
-61
-66
-71
-62
-70
-83
-81
-92
-98
-101
-100
-114
-119
-127
-129
-140
-141
-151
-148
-149
-158
-175
-174
-177
-176
-185
-188
-184
-193
-192
-199
-196
-205
-204
-206
-215
-209
-223
-222
-222
-229
-221
-226
-228
-237
-228
-238
-241
-235
-254
-252
-249
-254
-251
-257
-259
-259
-261
-251
-262
-267
-258
-264
-264
-269
-268
-262
-265
-272
-264
-261
-262
-264
-265
-266
-269
-256
-253
-258
-251
-259
-255
-259
-253
-249
-254
-248
-242
-235
-236
-235
-236
-225
-227
-221
-229
-215
-212
-209
-200
-201
-199
-192
-194
-190
-185
-174
-169
-162
-167
-151
-143
-134
-132
-120
-110
-107
-107
-103
-94
-81
-77
-70
-66
-50
-50
-41
-36
-29
-21
-10
1
4
7
