323
294
356
265
236
269
276
225
265
232
272
261
309
341
280
287
283
229
283
280
301
327
221
225
272
236
261
207
163
192
225
192
196
189
221
210
181
225
181
178
196
167
185
167
181
167
218
170
109
145
192
192
123
189
116
94
370
2269
6364
10430
12801
13103
11943
9921
7641
5826
4771
4440
4429
4578
4553
4444
4375
4338
4255
4178
3960
3673
3385
3105
2782
2491
2214
1836
1389
840
203
-127
-196
-236
-247
-203
-323
-287
-294
-330
-269
-272
-272
-301
-258
-261
-287
-247
-250
-276
-287
-287
-301
-334
-280
-294
-265
-316
-258
-283
-298
-272
-309
-265
-258
-287
-349
-294
-280
-272
-221
-269
-323
-330
-341
-338
-334
-330
-356
-301
-360
-349
-327
-352
-323
-345
-272
-356
-298
-272
-330
-294
-316
-283
-283
-312
-327
-283
-269
-243
-283
-265
-301
-283
-280
-301
-243
-214
-276
-283
-312
-203
-207
-247
-174
-218
-196
-174
-192
-218
-229
-185
-258
-254
-210
-174
-174
-192
-192
-170
-167
-207
-192
-156
-192
-192
-174
-138
-134
-141
-378
-2422
-6502
-10434
-12870
-13165
-11750
-9543
-7317
-5520
-4527
-4196
-4324
-4495
-4524
-4527
-4451
-4393
-4353
-4244
-4120
-3964
-3687
-3338
-2971
-2593
-2233
-1836
-1342
-749
-123
98
192
250
312
334
312
280
298
269
276
225
258
280
236
207
240
243
290
254
290
305
323
323
312
301
298
294
283
349
298
203
265
269
272
283
247
294
305
236
269
287
272
309
265
320
309
290
287
283
338
338
269
287
