1
-2
3
4
10
6
2
7
14
4
8
4
4
6
17
14
10
8
12
5
14
6
5
7
6
9
2
6
5
3
7
4
-4
5
7
8
4
4
7
5
10
6
1
11
0
7
5
2
11
5
7
7
0
-3
4
4
-1
-1
7
1
2
7
1
9
3
20
45
86
104
130
156
179
195
197
210
212
219
225
215
220
216
208
194
176
157
143
115
64
11
-1
-20
-5
-8
-5
-3
-1
0
-7
-9
-11
-8
-9
-14
-4
-7
-5
-7
-10
-2
-9
-8
2
-4
-2
-7
0
-8
-5
-1
-2
-4
-7
-6
-6
-11
-5
-7
-7
1
-4
-12
-9
-5
-8
-4
-8
-2
-2
1
-11
-9
-10
-8
4
-2
-5
-4
-10
-1
-5
-8
-3
-1
-5
-1
-1
-1
-4
-1
-1
-8
-1
-7
-1
-13
-1
0
-7
-7
-7
0
1
-5
-5
-8
-4
-6
0
-1
0
-2
-8
-4
-6
-8
-7
-9
-8
-4
-12
-2
-8
-7
1
-2
3
0
-8
3
-1
-5
-3
-4
-9
-18
-37
-62
-97
-126
-134
-165
-167
-184
-186
-199
-207
-213
-212
-215
-221
-210
-207
-191
-173
-160
-142
-106
-57
-1
4
8
7
5
8
4
6
5
1
11
10
6
7
2
3
1
3
4
11
10
2
7
7
8
4
1
12
12
13
13
7
10
12
1
4
2
2
3
-1
10
14
9
8
2
7
4
-1
8
7
7
11
