294
298
283
254
309
265
283
294
312
287
240
269
243
272
327
305
280
305
254
229
247
287
283
269
301
316
272
254
210
200
243
232
181
214
229
229
236
203
203
240
218
185
181
156
229
189
192
181
141
152
138
90
163
120
112
152
105
392
2382
6455
10416
12081
11416
9706
8179
7211
6510
5939
5328
4880
4593
4335
4171
4178
4146
4171
4036
3836
3622
3400
3145
2884
2658
2334
1905
1436
909
272
-120
-210
-265
-272
-247
-352
-290
-272
-276
-330
-301
-261
-294
-225
-218
-218
-218
-261
-276
-316
-301
-294
-316
-356
-247
-294
-309
-261
-305
-309
-269
-269
-250
-294
-272
-312
-243
-330
-250
-218
-287
-247
-290
-261
-323
-320
-367
-363
-305
-323
-294
-338
-349
-309
-345
-294
-301
-229
-301
-287
-261
-254
-283
-276
-276
-283
-258
-261
-247
-276
-236
-290
-320
-250
-236
-214
-247
-232
-243
-283
-214
-214
-236
-214
-185
-189
-214
-200
-214
-200
-243
-280
-250
-258
-185
-189
-145
-123
-178
-120
-156
-98
-141
-152
-149
-189
-156
-138
-174
-1061
-4258
-8412
-10961
-11347
-10477
-9266
-8132
-7222
-6379
-5560
-4989
-4633
-4433
-4298
-4262
-4320
-4316
-4226
-4084
-3898
-3698
-3378
-3073
-2767
-2476
-2200
-1789
-1389
-891
-196
105
196
265
287
316
305
298
327
312
345
312
265
247
276
229
236
269
276
243
258
272
330
327
334
330
309
327
280
229
298
265
265
287
290
276
232
250
287
254
272
254
269
316
352
298
330
320
309
370
330
309
290
