16
20
27
35
43
50
59
63
61
66
74
77
83
91
94
101
109
113
123
132
139
140
148
150
154
159
160
166
176
177
186
192
185
194
198
199
201
203
211
210
203
209
218
225
232
226
228
232
239
243
236
242
245
246
245
251
249
242
251
248
250
259
259
260
264
261
266
265
256
265
261
268
267
267
269
265
268
270
264
273
263
265
266
265
265
262
265
255
262
256
256
252
242
246
245
245
234
233
220
221
222
216
211
208
209
210
199
193
192
191
185
174
170
158
157
153
145
140
136
121
115
107
95
100
87
82
77
70
63
55
47
38
31
24
15
10
3
-1
-6
-10
-24
-33
-35
-34
-42
-50
-58
-55
-72
-76
-72
-74
-94
-97
-92
-100
-107
-117
-117
-127
-127
-137
-135
-145
-155
-156
-159
-173
-171
-165
-179
-189
-192
-190
-191
-195
-202
-210
-202
-207
-206
-216
-219
-222
-221
-223
-221
-215
-238
-231
-232
-237
-239
-253
-239
-243
-248
-252
-250
-259
-261
-258
-253
-271
-252
-255
-266
-262
-271
-263
-265
-269
-263
-263
-272
-265
-269
-264
-255
-264
-262
-266
-268
-258
-270
-261
-259
-263
-254
-251
-255
-252
-252
-245
-256
-254
-242
-236
-235
-224
-225
-218
-219
-216
-214
-207
-193
-198
-189
-182
-180
-180
-169
-161
-153
-147
-149
-139
-132
-122
-115
-110
-107
-94
-87
-84
-74
-68
-60
-60
-47
-40
-28
-25
-22
-17
-6
9
14
20
