309
301
305
294
283
334
301
272
269
272
261
276
236
269
269
276
287
240
272
287
258
250
250
272
240
240
203
261
240
232
240
254
229
265
232
236
247
221
203
203
178
229
167
210
200
203
141
149
109
185
167
152
156
192
156
145
512
2716
6677
10343
12252
12350
11059
8877
6840
5517
4767
4473
4458
4455
4425
4368
4282
4168
4026
3857
3658
3431
3175
2891
2578
2247
1938
1534
1098
534
-54
-189
-167
-283
-261
-323
-272
-269
-312
-269
-254
-250
-258
-261
-214
-207
-210
-254
-200
-243
-254
-301
-287
-276
-301
-269
-323
-294
-301
-240
-269
-309
-210
-298
-258
-265
-305
-254
-247
-214
-258
-243
-276
-338
-269
-287
-258
-330
-305
-320
-280
-301
-290
-298
-298
-283
-269
-261
-283
-330
-316
-276
-258
-258
-258
-276
-269
-287
-301
-265
-298
-316
-287
-265
-229
-232
-225
-236
-214
-214
-236
-189
-196
-210
-221
-207
-207
-207
-214
-207
-196
-207
-167
-207
-203
-185
-178
-178
-130
-163
-160
-181
-123
-116
-149
-130
-145
-94
-120
-112
-534
-2818
-6644
-10354
-12216
-12103
-10677
-8481
-6608
-5342
-4651
-4407
-4400
-4389
-4367
-4371
-4309
-4262
-4186
-4007
-3862
-3571
-3185
-2822
-2505
-2189
-1774
-1411
-909
-254
69
189
200
283
312
338
301
363
320
283
287
290
229
229
232
261
247
283
280
338
349
341
349
385
360
290
298
269
272
298
265
250
287
276
200
218
265
272
232
243
305
316
290
301
276
330
360
305
323
352
294
363
327
