-3
7
2
0
6
1
6
4
0
1
-1
17
11
-5
8
13
9
8
9
-1
1
2
-1
-1
7
12
5
7
6
6
10
5
8
5
8
5
2
1
-4
2
5
0
7
5
10
9
-5
2
5
2
8
0
4
-2
3
4
1
5
3
-2
4
-1
9
-1
8
20
42
79
112
135
153
169
181
196
203
205
210
219
217
208
200
191
175
160
129
110
71
21
-4
-13
-9
-8
-8
-6
-7
-4
-8
-2
-6
-2
-14
-10
-10
-7
-10
-8
-3
-2
-16
-5
-11
-10
0
-4
-5
-4
-3
-7
-12
-4
-10
-5
-11
-6
4
-2
-2
-7
-5
-1
-10
-4
-2
-6
-2
-7
-6
-8
-11
-6
-12
-10
-1
-2
-10
-10
-2
-15
-10
-5
-6
0
-2
1
-4
-14
-6
-1
-6
-5
-2
-3
-11
-11
1
-8
-7
0
4
0
1
-5
-4
-5
-8
-7
1
-8
-13
-9
-7
-6
-7
-4
-4
-8
4
-5
-3
-5
-9
-3
-7
0
-6
-10
-2
2
8
-1
-1
-2
-11
0
-10
-25
-60
-100
-117
-153
-155
-170
-180
-210
-205
-202
-205
-212
-219
-205
-203
-195
-176
-155
-132
-105
-53
-2
4
5
3
4
6
2
7
0
7
16
8
6
11
11
4
8
6
5
4
7
4
11
6
7
2
0
4
9
7
10
5
5
5
4
4
-1
3
7
2
10
7
9
10
8
7
0
8
6
-1
12
4
9
