7
10
0
7
4
-1
8
10
12
13
11
7
3
4
5
5
12
4
10
5
7
7
0
7
18
8
11
2
8
10
6
3
1
2
4
11
7
7
1
8
-4
10
5
2
7
11
8
10
5
8
3
2
0
2
-2
-11
3
7
2
3
5
2
24
72
124
156
173
186
207
215
227
236
248
254
259
261
251
255
250
239
225
223
204
185
169
136
107
49
1
-4
-11
-18
-4
-10
-10
-12
-3
0
-9
-5
-11
-6
-9
-7
0
-9
-9
-5
-13
-4
-3
-10
-4
-6
-1
-4
-1
-3
-6
-6
-9
-10
-15
-14
-2
-4
-13
-8
-2
0
-6
-5
-8
-4
-1
-8
0
-5
-7
-10
-12
-11
-11
-9
-4
-6
-8
-12
-6
-5
-16
-14
-7
-7
-5
-6
-3
-5
1
4
-8
-11
-8
-7
0
3
0
-1
-4
-7
-4
-1
-8
0
3
-5
-11
-12
-8
10
-7
-5
-11
0
-3
-12
-7
-12
-9
-7
-12
0
-15
-9
-8
-8
-3
-6
-3
2
-1
-7
-32
-74
-123
-161
-176
-193
-219
-223
-235
-240
-251
-254
-255
-258
-258
-248
-246
-245
-231
-222
-189
-183
-155
-145
-94
-34
7
10
8
11
1
10
5
2
11
13
9
10
6
10
2
6
4
2
6
7
8
9
13
2
6
6
8
5
14
7
8
13
4
7
9
3
8
5
13
12
3
10
11
8
8
12
10
10
14
15
7
7
