7
2
5
1
5
10
6
3
10
8
6
1
3
2
10
17
12
7
5
3
2
1
2
8
4
0
5
-1
9
5
3
0
0
7
3
1
1
6
10
6
8
11
8
-5
0
10
5
0
5
0
-1
3
0
2
-2
5
12
5
5
1
4
15
0
9
5
5
11
8
31
56
84
113
141
169
177
190
202
210
208
205
200
184
166
149
132
102
55
6
-8
-3
-8
-5
-5
-7
-2
0
-2
-1
-5
-3
-10
-11
-4
-5
-8
-11
-7
-4
-5
-5
-10
-4
-14
-8
-7
-10
-4
-5
-5
1
-8
0
-5
-15
-5
-9
-7
-10
-4
-1
-10
-5
-2
-8
-4
-4
0
-5
-4
-4
-7
-6
0
0
-6
-12
-1
-1
2
0
-7
-1
-11
-3
-5
-6
-6
-2
1
-4
-12
-2
-7
-4
0
-1
4
-2
-2
-3
-1
-1
1
-2
1
-6
-2
-1
-5
-3
-14
-7
0
-2
-2
-6
-5
-10
-4
-3
-9
-6
-7
0
6
0
-4
1
0
0
-9
-5
-8
-7
0
-4
-11
-46
-70
-96
-125
-150
-156
-173
-177
-192
-204
-217
-212
-205
-200
-186
-173
-148
-133
-95
-48
-1
9
12
5
6
8
8
9
8
5
8
5
4
7
1
6
6
3
9
4
5
7
5
3
-1
0
7
1
2
6
0
4
7
5
-1
3
0
-4
11
2
-4
2
5
1
1
5
1
4
8
6
4
7
1
