5
7
6
5
6
11
6
-1
0
10
-3
3
10
3
10
7
8
11
4
5
4
2
7
0
1
7
5
8
10
0
3
5
8
4
0
4
2
2
8
2
8
-2
5
5
0
7
0
1
8
-5
6
0
4
8
11
4
1
0
1
0
-1
-3
-2
32
68
99
128
142
157
182
193
206
209
228
226
226
222
228
223
218
214
203
186
167
146
118
79
22
-5
-10
-10
-5
-8
-5
-2
-12
-12
-14
-4
-10
-7
-4
-3
-8
-15
-10
-7
-5
-17
-12
-5
-8
-7
-5
-10
-11
-7
-11
-2
-7
-14
-6
-6
-2
1
-8
-14
-22
-2
-5
-12
0
-2
-6
-5
-1
-6
-10
-5
-6
-11
-12
-8
-2
-5
-3
-4
-20
-4
-12
-3
-1
-8
-14
-15
-4
-7
-10
-10
-10
-6
-3
-11
0
-10
-10
-8
-11
-5
-12
-10
-10
-7
-8
-13
0
1
-13
-8
-5
2
-3
-5
-5
-8
-11
-4
-10
0
-4
1
-6
-10
-6
-8
-1
-5
-10
4
-4
1
-8
-14
-35
-76
-93
-124
-147
-176
-189
-202
-216
-219
-234
-243
-253
-258
-252
-250
-230
-220
-203
-190
-169
-142
-120
-66
-8
3
5
4
12
9
5
12
2
10
8
5
2
7
10
4
-1
8
14
0
6
9
6
7
5
10
6
9
5
8
8
0
3
12
10
12
-1
6
14
7
8
1
6
6
6
4
-5
5
2
4
1
0
7
