23
18
29
38
42
54
65
67
67
72
67
84
91
96
103
109
111
120
117
126
132
144
143
157
161
166
167
170
182
179
177
190
192
190
198
198
205
205
210
210
207
212
221
220
218
229
232
229
235
239
236
243
242
242
247
246
253
258
259
255
258
258
265
261
266
261
255
264
266
268
272
267
262
262
269
264
266
257
261
258
264
268
263
257
256
261
254
251
258
249
252
255
243
235
235
241
234
230
227
218
221
220
216
211
205
206
204
192
191
190
177
170
172
166
162
160
152
139
129
123
119
109
107
100
90
97
84
70
68
59
47
51
34
26
23
10
5
4
-10
-17
-22
-27
-34
-38
-44
-61
-62
-66
-69
-71
-85
-86
-88
-92
-105
-107
-119
-116
-122
-117
-132
-140
-148
-142
-160
-163
-175
-179
-177
-183
-183
-189
-185
-206
-196
-208
-196
-206
-204
-211
-225
-221
-226
-223
-227
-233
-230
-241
-242
-248
-248
-246
-245
-247
-248
-248
-251
-256
-253
-259
-266
-259
-266
-269
-262
-267
-264
-264
-266
-259
-268
-265
-268
-271
-261
-269
-269
-264
-268
-265
-259
-264
-251
-262
-251
-250
-255
-248
-248
-242
-241
-248
-245
-246
-245
-235
-231
-225
-222
-228
-217
-217
-212
-210
-208
-210
-198
-195
-190
-188
-189
-169
-168
-163
-163
-160
-141
-134
-133
-129
-124
-124
-103
-103
-86
-86
-81
-71
-57
-48
-44
-35
-39
-23
-22
-11
0
0
13
12
