19
15
22
26
34
34
44
54
53
65
67
77
84
88
92
100
104
113
116
119
124
135
138
146
144
155
157
163
170
174
182
180
184
190
193
197
196
197
199
199
216
216
217
221
220
221
229
228
234
232
232
244
239
239
239
248
250
254
258
261
254
259
261
261
265
265
272
269
266
259
254
263
266
259
260
255
261
264
266
264
263
260
259
258
257
263
256
255
256
254
249
241
239
243
236
233
229
227
223
227
228
213
215
210
212
207
199
198
191
183
183
178
170
166
165
162
152
149
140
136
127
125
118
107
106
90
84
75
64
60
55
45
43
37
27
20
17
10
4
-6
-7
-21
-24
-28
-42
-41
-55
-58
-65
-64
-71
-77
-81
-91
-85
-97
-97
-112
-111
-120
-124
-132
-138
-151
-151
-152
-158
-170
-169
-183
-189
-179
-193
-197
-200
-199
-198
-193
-202
-213
-208
-212
-215
-223
-219
-219
-224
-230
-237
-231
-239
-239
-234
-241
-238
-242
-245
-251
-257
-244
-257
-254
-263
-266
-260
-258
-262
-258
-261
-260
-260
-266
-262
-268
-268
-256
-266
-266
-262
-262
-257
-262
-256
-262
-259
-248
-250
-254
-245
-253
-246
-245
-243
-238
-246
-232
-231
-224
-223
-223
-211
-225
-214
-208
-212
-200
-205
-203
-186
-190
-190
-176
-175
-175
-160
-165
-153
-152
-142
-136
-126
-129
-110
-109
-100
-93
-77
-84
-72
-72
-63
-59
-46
-36
-31
-15
-18
-5
8
9
