7
19
19
12
12
5
4
5
9
11
8
2
3
5
11
4
-2
10
10
5
7
8
5
6
5
7
1
6
10
5
12
4
6
11
8
11
10
10
5
3
9
5
5
10
-1
5
11
11
11
5
-1
11
4
14
10
1
5
8
8
4
3
42
95
146
170
183
202
213
229
232
235
238
244
254
255
259
260
256
248
241
230
210
196
189
159
131
83
24
-8
-10
-14
-8
-7
-10
-8
-11
-4
-13
-7
-2
-11
-11
-12
-15
-6
-14
-6
-11
-5
-7
-4
-3
-7
-11
-6
-3
0
-4
-9
-3
-10
-8
-15
-11
-7
-7
-13
-8
-10
-4
-5
1
-11
-3
5
-12
-6
-10
-11
4
-10
-14
-11
-4
-5
-8
5
-8
-8
-4
-5
-2
-3
-6
-5
-4
-2
-7
-2
-2
-6
-9
-10
-10
-7
-14
0
-4
0
-5
-10
-4
-10
-5
-4
0
0
-9
-2
0
-4
-4
-8
-4
-7
-11
-5
-10
-5
-8
-5
-1
-2
0
-5
-10
-7
-7
-7
-6
-12
-47
-106
-142
-169
-189
-199
-209
-216
-228
-234
-241
-248
-243
-256
-246
-261
-259
-246
-245
-226
-219
-199
-179
-161
-124
-78
-6
10
2
12
11
8
15
7
13
8
11
10
0
12
10
5
12
7
10
10
7
6
3
11
5
4
11
4
7
1
7
5
1
11
8
9
4
2
7
12
2
2
5
4
3
4
9
7
3
12
9
8
5
