29
32
31
20
24
22
24
22
23
22
17
22
26
20
28
16
8
9
20
20
19
7
16
17
16
16
22
25
20
17
11
12
14
17
14
15
17
10
2
5
14
14
14
23
17
19
15
15
4
3
9
4
7
7
4
5
-1
0
12
1
4
11
2
10
7
7
5
7
2
1
2
2
27
161
375
543
604
611
577
514
438
326
225
130
42
-11
-25
-34
-29
-31
-23
-22
-20
-18
-18
-16
-20
-14
-23
-18
-28
-19
-26
-17
-23
-20
-19
-25
-25
-28
-19
-21
-19
-28
-20
-22
-20
-31
-22
-23
-22
-29
-29
-31
-25
-22
-25
-31
-33
-41
-31
-25
-28
-18
-16
-20
-21
-22
-23
-24
-29
-29
-33
-17
-20
-17
-26
-22
-21
-19
-23
-29
-29
-29
-28
-25
-18
-20
-19
-27
-16
-16
-13
-22
-15
-15
-14
-21
-9
-19
-17
-20
-19
-16
-19
-11
-16
-10
-10
-3
-14
-19
-20
-17
-23
-23
-20
-8
-11
-11
-2
-4
-4
-6
-2
-7
-7
-8
-5
-7
-4
-2
-5
-5
-10
-1
-2
-1
-5
1
-7
-6
-84
-274
-505
-637
-656
-630
-581
-511
-415
-295
-190
-101
-23
21
33
35
23
28
23
21
25
19
16
17
16
13
20
17
23
25
25
21
16
23
23
25
23
28
28
20
20
24
23
21
22
28
23
25
23
26
26
20
19
22
31
28
36
28
34
23
25
17
6
19
22
25
23
34
