11
23
28
33
40
50
51
59
60
72
75
78
82
90
87
96
111
119
117
126
138
134
146
154
156
163
165
166
166
171
178
184
189
193
198
196
192
203
211
210
206
217
218
219
225
228
227
220
232
231
236
242
241
239
238
243
246
253
251
245
252
259
256
255
252
255
265
265
264
261
264
261
259
264
266
260
266
259
262
265
262
262
251
256
255
254
255
252
256
249
246
249
239
240
229
235
232
228
219
219
217
209
205
205
207
198
198
191
188
185
186
171
170
170
165
144
146
150
132
126
127
116
115
108
102
91
79
71
74
61
53
44
45
34
33
18
10
4
-4
-10
-21
-28
-29
-39
-45
-52
-53
-57
-66
-67
-80
-77
-83
-88
-92
-102
-107
-113
-117
-123
-131
-143
-144
-147
-150
-160
-169
-169
-175
-180
-188
-187
-189
-191
-196
-192
-197
-203
-200
-212
-209
-220
-214
-214
-218
-219
-222
-228
-228
-228
-235
-233
-234
-249
-245
-248
-261
-247
-257
-256
-260
-268
-262
-262
-258
-261
-262
-258
-262
-268
-261
-265
-266
-265
-269
-265
-266
-271
-254
-264
-257
-261
-259
-258
-264
-252
-250
-253
-260
-253
-248
-238
-241
-238
-237
-235
-231
-227
-217
-226
-225
-218
-218
-205
-211
-200
-196
-195
-186
-188
-183
-179
-166
-167
-164
-159
-146
-137
-141
-129
-124
-117
-113
-100
-104
-90
-92
-73
-73
-59
-51
-39
-33
-30
-18
-8
-3
1
11
13
