36
177
320
441
553
658
750
853
958
1067
1189
1330
1473
1605
1736
1870
1982
2097
2199
2302
2402
2507
2599
2694
2795
2892
2988
3072
3138
3225
3315
3404
3490
3584
3696
3806
3912
3996
4047
4080
4092
4122
4198
4281
4381
4493
4600
4696
4751
4778
4781
4801
4802
4810
4832
4860
4890
4925
4959
4988
5025
5067
5110
5148
5185
5223
5264
5293
5325
5350
5376
5389
5399
5410
5414
5424
5424
5423
5423
5421
5424
5430
5424
5417
5408
5390
5358
5316
5245
5132
5019
4904
4787
4682
4575
4491
4429
4368
4325
4263
4195
4126
4037
3953
3865
3774
3684
3602
3528
3452
3393
3323
3249
3163
3086
3009
2916
2821
2734
2639
2550
2478
2393
2285
2134
1961
1770
1574
1385
1221
1058
936
841
757
686
612
507
386
237
88
-57
-208
-339
-463
-573
-686
-775
-874
-982
-1092
-1220
-1371
-1504
-1642
-1776
-1900
-2018
-2122
-2219
-2327
-2425
-2518
-2615
-2717
-2825
-2917
-3015
-3094
-3181
-3259
-3337
-3420
-3516
-3619
-3720
-3826
-3937
-4015
-4062
-4085
-4103
-4136
-4206
-4301
-4412
-4529
-4644
-4724
-4758
-4777
-4785
-4797
-4808
-4823
-4844
-4867
-4900
-4937
-4965
-5009
-5051
-5084
-5132
-5164
-5202
-5246
-5280
-5305
-5336
-5366
-5384
-5387
-5408
-5416
-5423
-5412
-5424
-5430
-5435
-5430
-5430
-5426
-5424
-5420
-5399
-5386
-5353
-5309
-5226
-5117
-4999
-4872
-4757
-4637
-4541
-4474
-4412
-4349
-4300
-4241
-4187
-4113
-4022
-3928
-3845
-3758
-3674
-3590
-3519
-3444
-3381
-3309
-3227
-3153
-3066
-2974
-2891
-2799
-2712
-2614
-2525
-2456
-2360
-2243
-2089
-1902
-1707
-1517
-1324
-1162
-1019
-910
-818
-733
-666
-584
-475
-342
-201
-48
