341
334
298
294
298
280
305
345
261
290
272
298
294
298
280
305
290
316
243
276
269
272
330
287
247
261
250
290
309
294
258
232
250
232
196
247
214
218
203
221
254
229
229
174
185
207
218
156
185
210
149
170
189
163
160
127
65
465
2709
6830
10466
12387
12507
11292
9528
7724
6142
4913
4309
4196
4422
4626
4746
4724
4607
4469
4295
4076
3858
3673
3400
3105
2738
2363
1960
1567
1065
385
-90
-210
-218
-272
-338
-280
-323
-320
-305
-250
-287
-320
-247
-240
-247
-258
-232
-247
-272
-229
-232
-250
-316
-276
-323
-312
-283
-283
-265
-287
-261
-290
-290
-232
-229
-261
-272
-272
-232
-316
-269
-261
-287
-309
-309
-316
-320
-265
-290
-334
-334
-349
-301
-309
-312
-363
-272
-254
-265
-280
-294
-287
-247
-232
-265
-236
-287
-323
-280
-250
-258
-254
-261
-290
-265
-261
-261
-236
-265
-192
-232
-254
-210
-174
-174
-200
-170
-218
-232
-189
-185
-192
-189
-189
-152
-181
-160
-218
-138
-167
-163
-130
-130
-90
-130
-141
-123
-120
-98
-647
-3127
-7393
-10965
-12587
-12267
-10659
-8564
-6866
-5837
-5331
-5211
-5084
-4913
-4760
-4655
-4553
-4567
-4557
-4309
-4044
-3720
-3447
-3160
-2844
-2582
-2240
-1865
-1389
-909
-200
116
170
258
240
323
330
349
374
320
316
345
276
287
290
254
225
250
301
320
283
287
323
327
294
327
247
330
301
280
283
265
309
309
283
323
265
309
280
309
309
294
272
298
312
316
367
360
345
334
334
389
301
