2
2
10
8
3
1
4
14
4
2
12
2
7
1
5
1
1
10
2
7
7
0
8
5
5
0
3
6
-2
8
13
8
1
6
1
10
-1
5
8
7
7
4
1
0
1
8
0
8
7
4
9
11
7
9
4
0
1
5
8
0
14
4
2
14
8
16
31
65
95
115
134
150
169
197
203
209
216
213
216
208
202
186
170
156
129
100
51
8
-9
-8
-4
-10
-4
-5
-13
-12
-17
-4
-8
-1
-9
0
-2
-7
-13
-7
-8
-6
-7
-7
-4
-7
-10
-10
0
-4
-5
-9
-10
-4
-8
-5
-5
-3
-10
-9
-4
0
-8
0
-11
-9
-2
0
-11
-9
-4
-3
-12
-9
-8
-4
-2
-3
1
-4
-2
0
-4
-2
-2
-1
-4
-7
0
-1
-5
-4
-7
-4
0
-2
-1
-1
-2
-6
-4
-2
-4
1
-1
1
-7
-6
0
-4
-10
-5
-2
-2
-9
-7
-3
-4
-3
-11
-1
-6
-7
-1
-1
-1
-1
-2
-11
-14
-1
-4
-8
-3
1
-2
-8
-7
-10
-35
-58
-98
-125
-148
-157
-173
-180
-197
-206
-213
-217
-219
-217
-193
-185
-167
-160
-139
-116
-80
-18
-1
8
5
7
8
9
7
8
11
2
11
2
7
12
12
5
-4
0
0
-5
4
-2
8
8
7
1
1
9
5
0
-5
0
4
5
0
-3
1
2
6
8
11
5
5
9
8
4
5
-4
4
2
4
5
10
