18
31
36
33
44
48
57
67
71
75
76
86
75
90
99
109
112
120
123
132
136
144
150
150
165
174
167
171
176
183
181
180
191
194
194
201
209
204
202
209
214
215
216
222
226
221
225
229
233
238
235
235
238
239
241
245
248
249
249
258
259
269
260
265
274
266
264
261
263
261
262
262
261
262
266
264
264
269
269
262
262
265
258
263
248
250
258
251
252
252
246
238
244
233
233
235
222
228
225
220
223
212
210
208
205
196
196
195
191
183
180
172
160
155
154
150
146
139
127
120
116
110
99
94
87
77
70
66
59
49
47
39
31
14
11
10
-7
2
-10
-24
-26
-32
-40
-43
-51
-56
-65
-63
-76
-78
-81
-81
-89
-94
-111
-107
-120
-127
-133
-126
-142
-144
-151
-157
-161
-163
-168
-175
-177
-186
-191
-186
-193
-196
-204
-207
-198
-209
-206
-213
-214
-209
-223
-219
-225
-216
-224
-232
-234
-236
-233
-246
-241
-242
-250
-251
-254
-252
-256
-259
-255
-265
-268
-264
-266
-262
-252
-260
-261
-271
-264
-264
-270
-264
-258
-272
-256
-259
-268
-259
-259
-254
-253
-255
-255
-258
-258
-251
-245
-246
-250
-248
-236
-238
-229
-232
-222
-220
-223
-216
-221
-206
-202
-208
-200
-201
-198
-194
-188
-189
-178
-177
-168
-155
-155
-144
-149
-134
-138
-123
-119
-113
-106
-96
-91
-83
-80
-61
-58
-59
-45
-40
-28
-26
-11
-7
0
10
15
22
