6
7
4
1
2
2
4
3
-2
7
8
3
-2
1
-5
-1
-3
5
2
-1
3
6
-1
4
1
6
0
5
0
-4
1
4
2
8
6
4
1
4
4
2
7
2
0
2
5
7
0
9
16
12
10
10
0
6
1
0
4
7
2
0
5
2
5
1
-2
2
0
15
40
70
105
134
159
175
199
205
209
209
212
196
193
185
159
146
113
81
33
-1
-5
-12
-4
-7
-5
-13
0
-9
1
1
-7
-2
-6
-1
-4
-7
-9
-2
-3
-3
-8
-7
-4
-5
-11
-7
-5
-8
1
-2
-8
-5
-5
-2
-10
-4
-7
-7
-7
-12
-11
-5
-4
-5
-18
-4
-5
-4
-4
0
-2
-3
-2
-6
-7
-2
-7
-12
-8
-5
0
-4
-10
-5
-6
-6
-2
-8
-11
-12
-7
-9
-2
-10
-11
-4
-2
-3
2
-1
0
2
2
0
-4
0
1
-14
-7
0
2
-2
-4
-5
-1
-2
-1
-8
-2
-7
-12
-4
-5
0
0
-1
-8
-6
-4
-1
2
-5
-5
-5
-3
-3
-8
-16
-34
-61
-89
-124
-136
-159
-171
-193
-198
-205
-219
-210
-225
-205
-200
-183
-163
-136
-109
-82
-21
14
5
8
15
11
8
8
5
7
4
10
2
-1
5
5
11
11
4
0
2
5
4
15
8
6
5
2
12
7
0
15
8
5
11
7
4
2
5
8
1
9
4
1
12
3
2
3
1
4
4
2
8
4
