4
2
7
7
3
7
7
3
0
10
3
7
5
5
11
12
6
8
1
1
7
8
7
2
8
7
7
0
4
10
3
1
8
-8
-5
2
-3
2
7
8
0
0
6
5
-3
4
-1
11
11
11
5
8
8
7
9
6
0
11
9
10
11
0
15
40
57
90
110
138
157
177
190
189
191
203
218
217
215
221
217
208
204
192
176
152
128
102
37
1
-6
-2
-3
-6
-8
-7
-13
-3
-10
-2
-5
-6
1
-4
-4
-7
-8
-4
-11
-4
-8
-14
-8
-4
-11
-10
-15
-7
-8
0
0
-3
0
-1
-1
-6
-6
-8
-10
-12
-11
-14
-2
-6
-4
-7
-5
-5
-7
0
1
-9
-5
0
-2
0
-2
-11
-12
-6
-4
-2
-4
-12
-6
3
-4
-9
-14
-11
-9
-12
-4
-2
-12
-4
-3
-2
-8
-3
-1
-10
-3
-4
0
-1
0
-7
-9
0
0
4
4
-3
-5
-4
-5
-3
-9
-6
-10
-2
-1
-6
-10
-11
-10
1
-4
0
-2
-7
-7
-3
-4
-30
-57
-91
-116
-144
-163
-175
-180
-200
-202
-218
-221
-231
-233
-226
-226
-212
-210
-195
-174
-153
-124
-90
-25
7
5
17
10
12
7
2
5
7
12
10
6
13
5
7
14
12
11
1
10
9
4
4
2
5
8
9
13
16
14
7
7
6
6
4
10
4
1
7
9
4
4
12
9
-1
10
5
2
3
8
4
12
7
