345
334
301
290
283
276
254
287
283
301
294
269
294
272
320
305
261
276
290
243
276
276
247
229
254
210
203
221
221
218
170
243
240
236
247
181
170
178
189
254
192
163
196
192
221
200
200
174
152
130
120
130
163
160
178
189
145
210
1352
4560
8539
10841
11070
10081
8746
7608
6764
5971
5331
4869
4542
4367
4306
4320
4353
4222
4095
3895
3640
3382
3102
2753
2338
2040
1658
1240
651
83
-138
-250
-221
-276
-280
-341
-232
-269
-276
-221
-229
-276
-258
-189
-225
-254
-229
-283
-258
-309
-301
-276
-316
-305
-283
-290
-276
-247
-261
-280
-305
-301
-232
-236
-221
-221
-309
-265
-312
-312
-294
-280
-294
-309
-323
-276
-301
-327
-338
-338
-312
-254
-294
-280
-327
-280
-269
-269
-225
-218
-269
-323
-283
-280
-250
-280
-290
-276
-294
-232
-225
-232
-232
-229
-229
-243
-221
-232
-229
-240
-196
-181
-280
-200
-243
-236
-236
-225
-218
-214
-181
-250
-214
-207
-203
-127
-145
-156
-178
-156
-156
-134
-127
-160
-123
-109
-134
-90
-127
-312
-2203
-6011
-9543
-11128
-10768
-9721
-8706
-7826
-7022
-6222
-5458
-4887
-4524
-4284
-4196
-4229
-4215
-4189
-4047
-3836
-3556
-3273
-2880
-2578
-2200
-1898
-1607
-1127
-592
21
141
210
214
280
301
280
360
370
294
283
309
258
280
203
240
210
214
236
272
309
320
327
320
323
290
283
298
298
290
294
269
290
276
258
269
258
290
298
280
243
316
276
290
360
320
341
327
356
301
309
309
305
