21
24
34
40
42
53
51
59
66
75
80
81
87
92
104
101
104
121
121
118
141
144
147
150
151
159
163
170
179
177
182
190
194
191
191
193
203
212
205
213
214
210
217
218
225
234
234
240
233
237
241
238
239
246
251
251
255
254
258
264
258
256
262
261
268
263
265
266
265
259
266
269
275
267
271
267
268
261
266
270
265
266
264
258
260
259
267
262
259
254
248
251
248
253
248
236
235
232
230
227
221
222
218
212
206
208
205
199
193
186
180
182
178
169
165
157
149
142
133
133
128
119
110
104
91
90
84
67
68
59
52
47
32
22
13
8
6
-1
-15
-25
-31
-41
-35
-40
-48
-64
-64
-68
-78
-71
-71
-83
-94
-99
-107
-104
-111
-121
-120
-120
-132
-142
-150
-148
-159
-160
-171
-163
-172
-179
-179
-187
-188
-195
-204
-205
-198
-201
-212
-216
-219
-214
-218
-219
-229
-232
-228
-229
-233
-233
-232
-239
-241
-243
-249
-255
-256
-256
-253
-259
-256
-255
-263
-270
-271
-276
-266
-266
-269
-271
-271
-270
-272
-274
-272
-270
-267
-264
-266
-267
-269
-269
-267
-276
-269
-262
-259
-258
-258
-264
-258
-257
-255
-246
-248
-239
-248
-232
-221
-219
-226
-222
-211
-219
-210
-206
-206
-198
-197
-190
-186
-173
-173
-170
-162
-153
-149
-149
-136
-129
-116
-112
-111
-111
-99
-98
-81
-75
-59
-64
-50
-43
-40
-26
-25
-10
-4
-1
2
11
