11
21
27
33
41
43
46
54
61
60
68
82
81
93
103
92
104
113
118
126
133
139
139
141
153
155
156
167
175
177
181
189
195
194
199
199
200
202
208
213
215
216
213
217
225
226
231
225
233
238
239
238
236
242
250
251
247
259
266
256
265
253
256
266
269
269
269
268
265
269
264
268
269
271
271
264
265
260
258
260
264
269
260
255
251
256
251
252
252
250
251
243
247
243
236
233
231
234
224
226
223
223
216
210
207
199
210
197
193
190
182
184
175
172
158
154
145
138
142
133
127
127
120
111
105
99
83
77
71
65
61
57
41
33
24
20
13
4
-3
-5
-15
-21
-32
-36
-42
-48
-58
-65
-67
-73
-67
-80
-96
-94
-92
-93
-109
-118
-124
-129
-130
-136
-143
-152
-157
-162
-169
-173
-170
-188
-182
-190
-189
-193
-194
-202
-204
-201
-210
-198
-209
-215
-222
-227
-219
-224
-226
-231
-231
-235
-228
-238
-251
-247
-241
-246
-248
-257
-255
-251
-256
-261
-267
-272
-266
-264
-261
-269
-275
-260
-262
-265
-264
-270
-262
-261
-271
-268
-266
-259
-261
-257
-259
-269
-260
-255
-264
-252
-252
-252
-245
-254
-242
-239
-243
-235
-242
-234
-235
-232
-217
-216
-219
-220
-222
-202
-202
-199
-193
-183
-181
-179
-173
-162
-162
-157
-154
-147
-138
-137
-119
-123
-114
-107
-94
-90
-88
-86
-71
-70
-50
-48
-43
-22
-20
-14
-15
-1
17
10
