378
323
294
309
316
294
312
298
305
327
323
301
290
312
276
247
280
265
261
272
316
298
338
290
261
280
225
298
250
207
265
236
236
200
189
236
265
276
269
232
272
240
221
185
218
232
250
250
167
178
127
134
152
160
207
207
905
4036
8412
11565
12285
11296
9845
8546
7586
6688
5819
5138
4767
4458
4335
4284
4247
4215
4182
4087
3880
3578
3200
2898
2644
2371
2102
1727
1229
640
61
-174
-221
-283
-269
-309
-338
-352
-305
-294
-240
-210
-247
-261
-203
-221
-189
-221
-210
-280
-254
-283
-301
-305
-341
-301
-229
-261
-261
-236
-243
-250
-269
-250
-269
-301
-272
-276
-276
-243
-214
-210
-258
-309
-323
-298
-258
-265
-287
-280
-280
-301
-327
-283
-323
-265
-309
-254
-229
-265
-261
-298
-276
-250
-229
-272
-272
-254
-261
-272
-254
-258
-261
-258
-276
-276
-258
-261
-236
-225
-243
-181
-229
-163
-185
-229
-207
-218
-200
-207
-247
-236
-207
-236
-207
-174
-189
-174
-167
-127
-123
-174
-130
-160
-109
-105
-123
-76
-112
-87
-425
-2447
-6149
-9215
-10485
-10430
-9826
-8975
-8066
-6906
-5949
-5193
-4655
-4338
-4149
-4076
-4076
-4076
-4022
-3913
-3731
-3538
-3273
-3000
-2734
-2385
-2007
-1592
-1138
-581
7
196
236
265
305
305
298
320
276
247
320
301
189
243
221
214
272
229
247
247
269
280
312
305
316
294
316
323
229
276
287
280
287
254
290
316
243
247
269
272
276
290
298
330
301
287
341
320
341
301
349
418
345
356
