272
280
298
250
265
221
236
250
305
290
280
283
240
247
276
298
269
280
269
232
247
243
280
218
200
236
203
240
236
196
218
236
218
221
250
185
170
207
203
225
210
145
127
160
138
152
196
189
138
112
189
141
94
127
109
87
229
1600
5229
9412
11852
11928
10477
8743
7470
6611
5942
5455
5077
4749
4509
4360
4251
4196
4106
3967
3786
3556
3287
3000
2694
2396
2080
1745
1374
883
214
-134
-189
-243
-269
-280
-272
-316
-312
-320
-316
-269
-276
-225
-232
-280
-229
-250
-240
-287
-269
-283
-269
-280
-290
-276
-254
-298
-312
-272
-323
-320
-301
-301
-254
-276
-290
-312
-334
-301
-269
-261
-298
-258
-294
-312
-287
-301
-312
-312
-330
-341
-320
-305
-349
-287
-309
-261
-301
-316
-258
-305
-298
-323
-294
-269
-280
-290
-305
-258
-287
-236
-283
-290
-320
-290
-265
-283
-232
-265
-232
-272
-243
-247
-280
-156
-189
-225
-203
-240
-196
-203
-196
-269
-240
-196
-163
-181
-200
-152
-127
-149
-134
-149
-145
-196
-181
-138
-152
-130
-320
-1982
-5742
-9234
-10910
-10881
-10015
-8954
-7859
-6851
-5979
-5258
-4695
-4531
-4258
-4146
-4193
-4113
-4116
-3964
-3844
-3625
-3451
-3225
-2916
-2614
-2331
-1916
-1498
-923
-218
141
181
218
229
320
301
269
294
301
305
265
236
192
214
192
236
290
192
225
280
301
298
283
305
276
298
305
269
283
305
283
229
254
287
258
334
269
290
243
229
276
276
320
312
290
290
316
276
276
323
327
356
338
