298
323
323
298
276
247
240
305
276
269
312
327
301
305
265
280
250
258
265
240
258
261
301
269
269
247
261
269
283
232
229
214
214
192
229
232
210
236
181
167
185
178
214
170
178
181
120
156
178
185
192
152
145
225
123
472
3498
9179
13711
15300
14234
11714
9234
7331
5953
4964
4280
3884
3651
3615
3665
3745
3807
3909
3826
3724
3487
3167
2825
2545
2236
1985
1691
1374
647
-3
-221
-247
-247
-250
-265
-301
-276
-283
-298
-261
-240
-250
-225
-200
-240
-185
-221
-185
-192
-269
-305
-403
-312
-352
-367
-345
-367
-301
-309
-250
-294
-229
-261
-298
-280
-294
-301
-330
-320
-305
-258
-250
-272
-269
-272
-287
-334
-309
-334
-349
-392
-356
-301
-334
-334
-338
-287
-312
-287
-290
-287
-265
-316
-258
-258
-327
-316
-338
-265
-290
-301
-280
-280
-240
-269
-243
-305
-287
-280
-261
-269
-276
-207
-247
-229
-265
-218
-178
-192
-170
-232
-189
-200
-218
-210
-203
-203
-192
-196
-232
-210
-130
-138
-141
-200
-178
-170
-192
-170
-323
-2051
-6837
-12216
-14882
-13751
-10583
-7790
-5975
-5120
-4695
-4353
-4080
-3836
-3647
-3600
-3655
-3720
-3698
-3698
-3589
-3331
-3102
-2836
-2549
-2273
-1949
-1654
-1291
-501
50
167
290
218
254
283
236
254
236
225
240
218
272
200
229
218
189
210
178
174
218
280
330
360
374
309
327
312
280
298
243
214
247
243
272
247
236
269
250
236
240
250
265
210
250
280
280
269
334
309
316
309
338
334
338
