20
23
28
30
31
47
47
57
62
62
71
79
86
91
105
103
110
110
117
132
132
132
141
146
151
155
168
162
177
175
182
188
185
184
194
199
202
206
208
217
213
216
215
221
221
226
223
229
234
238
239
246
244
238
246
252
254
258
258
266
256
259
260
264
258
267
265
266
264
270
270
265
264
265
266
264
265
268
267
267
264
268
270
255
255
256
261
254
253
249
247
250
241
243
239
236
237
239
231
223
220
216
215
210
204
202
206
208
196
186
189
180
177
168
165
165
157
152
144
137
131
123
114
111
96
93
89
76
66
62
56
52
46
32
25
18
18
2
4
-8
-23
-16
-30
-33
-40
-48
-48
-53
-63
-66
-74
-84
-84
-93
-100
-101
-107
-109
-121
-126
-133
-137
-147
-152
-153
-156
-160
-170
-175
-179
-179
-182
-185
-191
-195
-200
-203
-198
-209
-209
-217
-211
-222
-219
-225
-236
-228
-233
-229
-239
-239
-234
-240
-240
-252
-255
-248
-249
-252
-259
-263
-260
-268
-270
-260
-268
-261
-265
-266
-265
-272
-272
-264
-269
-266
-271
-271
-261
-261
-265
-262
-265
-262
-265
-253
-253
-255
-254
-252
-254
-251
-250
-243
-239
-238
-239
-242
-221
-223
-223
-214
-228
-213
-217
-209
-208
-199
-207
-204
-191
-192
-186
-178
-172
-165
-167
-149
-152
-140
-136
-122
-120
-115
-111
-96
-91
-86
-88
-73
-67
-53
-55
-35
-26
-28
-8
-11
-4
4
3
