20
30
30
38
38
53
51
58
57
67
71
86
84
86
96
101
109
114
117
120
126
139
141
143
152
155
159
163
173
173
184
190
192
190
196
198
199
205
212
205
205
211
214
221
228
224
228
226
237
235
235
242
242
245
249
253
251
244
256
262
260
259
254
258
264
264
266
270
262
265
271
268
271
269
268
272
270
259
264
267
272
266
264
259
264
261
259
261
258
252
264
262
260
260
252
245
242
247
232
230
236
224
222
219
215
210
199
202
198
190
189
182
176
168
162
165
152
139
137
136
126
119
117
109
104
92
89
80
70
62
58
45
40
33
22
18
16
-3
-8
-10
-19
-28
-24
-36
-31
-48
-53
-63
-67
-67
-75
-84
-92
-84
-92
-86
-103
-113
-120
-129
-136
-136
-141
-141
-149
-146
-160
-169
-174
-176
-178
-180
-186
-190
-194
-206
-203
-210
-200
-205
-208
-216
-223
-219
-223
-219
-233
-234
-233
-230
-233
-239
-242
-249
-251
-243
-258
-251
-251
-262
-254
-254
-262
-256
-271
-268
-257
-266
-261
-268
-270
-268
-278
-269
-274
-276
-270
-265
-270
-267
-270
-264
-267
-268
-262
-273
-262
-258
-262
-248
-249
-252
-252
-252
-246
-247
-236
-235
-238
-234
-231
-232
-223
-221
-213
-215
-206
-210
-203
-188
-193
-183
-180
-172
-167
-157
-155
-147
-140
-134
-136
-121
-109
-111
-104
-93
-87
-84
-71
-62
-60
-49
-40
-30
-26
-19
-12
-2
2
4
