8
21
20
32
38
45
54
58
55
65
71
71
81
83
87
100
99
97
117
116
121
131
143
139
144
146
155
159
172
175
182
183
185
188
197
200
202
203
205
201
208
221
211
216
212
222
224
236
235
236
238
237
246
241
243
246
249
250
245
252
262
256
254
261
259
265
261
264
263
262
264
264
261
263
269
266
268
268
262
265
258
262
267
253
256
254
253
246
252
251
245
242
243
236
239
239
235
230
230
226
224
223
219
212
214
207
206
199
191
192
182
190
173
162
157
157
163
145
146
138
130
127
123
116
100
96
89
84
67
70
60
54
46
35
27
20
12
4
-2
-4
-13
-21
-26
-30
-42
-40
-49
-51
-61
-67
-71
-77
-78
-90
-90
-94
-90
-110
-110
-124
-121
-136
-142
-145
-144
-156
-152
-169
-173
-173
-181
-182
-188
-185
-204
-191
-199
-199
-209
-211
-209
-215
-216
-224
-220
-225
-230
-223
-236
-235
-241
-243
-242
-245
-241
-246
-256
-252
-264
-256
-259
-257
-266
-262
-263
-267
-277
-262
-260
-258
-264
-265
-266
-270
-264
-258
-262
-271
-258
-265
-264
-262
-263
-262
-268
-266
-257
-257
-248
-255
-246
-241
-248
-232
-235
-235
-242
-238
-230
-229
-222
-213
-218
-209
-212
-203
-204
-205
-192
-195
-177
-183
-170
-169
-172
-155
-155
-149
-139
-137
-127
-119
-117
-104
-99
-88
-85
-82
-81
-67
-53
-57
-40
-37
-34
-20
-11
-7
2
11
