4
0
0
-1
3
-5
1
5
5
10
0
5
7
3
6
5
7
10
-1
12
7
0
8
8
12
9
7
10
9
11
8
4
7
4
8
17
17
11
5
14
11
1
2
7
11
3
-1
7
-1
3
4
7
6
5
10
5
5
2
12
11
4
-1
5
22
51
80
108
135
160
179
195
212
223
229
239
236
242
239
239
230
224
199
188
173
145
121
80
14
2
-1
-15
-12
-8
-15
-7
-7
-5
-11
-7
-4
-4
-4
-14
-14
-10
-9
-4
-8
-10
-6
-4
-3
-7
-10
-5
-5
-8
-5
-1
-2
-8
-3
-10
-8
-7
-1
0
-12
-10
-12
-10
-1
-1
-4
-7
-10
-3
-5
-6
-10
-9
-3
-7
-4
-8
-1
-3
-7
-5
-2
-12
-4
1
-2
-8
-11
-7
-6
-2
-8
-12
-2
1
-1
-12
-2
-10
-5
0
-11
-2
-4
-8
-4
-8
1
-9
-2
-2
-1
-5
-9
-7
-2
-1
-1
-2
-8
-1
-5
-3
-11
-4
3
-8
-4
-10
1
-4
-10
-7
-4
-9
-24
-55
-77
-114
-142
-169
-182
-196
-206
-218
-230
-230
-237
-229
-242
-232
-227
-219
-203
-193
-162
-144
-121
-69
-11
8
7
5
7
5
8
5
7
4
6
5
8
6
-2
5
1
3
10
2
14
15
10
4
2
1
2
4
2
3
2
6
12
12
10
3
-3
0
5
5
10
3
5
7
5
5
5
4
6
3
10
8
4
