20
25
27
33
34
47
48
50
60
63
69
73
75
83
86
88
99
105
109
111
121
132
127
142
151
150
156
160
163
172
172
178
181
186
189
195
196
194
203
208
213
210
205
212
213
210
214
226
233
228
234
232
232
235
231
245
249
251
246
249
252
261
257
254
262
257
264
264
259
266
276
273
262
272
264
266
270
264
262
266
270
268
255
261
264
265
259
256
257
256
252
249
243
251
252
247
244
242
242
238
232
230
222
213
216
210
200
207
199
185
180
184
184
170
169
165
156
150
144
138
132
127
122
104
99
98
85
77
68
68
60
60
48
41
32
25
20
0
1
-4
-12
-15
-28
-31
-34
-38
-50
-57
-61
-69
-72
-75
-79
-86
-93
-95
-107
-110
-120
-112
-122
-129
-136
-137
-151
-149
-151
-162
-162
-175
-174
-182
-184
-185
-177
-193
-193
-195
-203
-196
-210
-199
-213
-215
-206
-216
-215
-231
-224
-236
-233
-235
-236
-236
-249
-235
-245
-250
-246
-254
-253
-256
-265
-249
-260
-265
-264
-267
-262
-272
-266
-267
-266
-264
-269
-278
-258
-261
-264
-258
-271
-267
-260
-261
-252
-261
-261
-254
-262
-258
-253
-249
-240
-249
-242
-251
-241
-229
-234
-226
-229
-226
-220
-223
-212
-207
-198
-204
-195
-191
-193
-182
-176
-170
-172
-154
-147
-145
-149
-143
-127
-119
-114
-119
-110
-106
-91
-91
-79
-64
-66
-51
-43
-34
-31
-20
-15
-15
-4
2
