341
345
334
272
294
323
320
320
280
236
243
261
265
250
316
280
301
280
298
305
276
276
276
283
261
272
290
269
232
258
261
254
210
225
265
250
167
174
221
200
181
207
174
178
192
229
203
160
181
181
145
185
141
192
163
156
123
323
2000
5480
9037
10707
10648
9892
8899
7910
6833
5848
5091
4560
4346
4160
4106
4106
4124
4084
3935
3771
3556
3269
2938
2644
2323
1913
1585
1032
360
-141
-181
-218
-203
-276
-305
-276
-280
-276
-283
-236
-225
-221
-232
-210
-214
-229
-269
-269
-330
-265
-269
-283
-305
-287
-305
-312
-309
-287
-280
-269
-207
-185
-240
-250
-269
-261
-276
-280
-272
-283
-218
-298
-298
-283
-280
-265
-294
-283
-305
-309
-330
-298
-334
-341
-290
-265
-265
-258
-243
-276
-258
-294
-243
-236
-258
-214
-287
-269
-247
-261
-218
-280
-269
-269
-258
-221
-269
-243
-258
-221
-240
-221
-229
-174
-225
-218
-185
-189
-178
-196
-276
-207
-192
-149
-105
-196
-156
-130
-127
-156
-105
-105
-127
-130
-149
-156
-120
-80
-323
-2218
-6000
-9888
-12339
-12554
-11059
-9132
-7601
-6564
-5833
-5298
-4891
-4524
-4284
-4156
-4146
-4124
-4120
-3967
-3847
-3604
-3382
-3058
-2793
-2451
-2076
-1774
-1342
-858
-167
160
240
290
258
334
298
261
363
349
283
323
283
225
261
261
272
236
294
272
269
316
341
305
363
345
345
396
345
294
287
305
312
276
265
265
294
236
305
330
258
301
258
276
320
320
330
341
316
320
320
316
323
327
