280
269
214
229
229
272
265
265
261
269
232
203
247
243
280
272
240
240
283
240
236
229
243
229
196
240
178
189
200
181
214
174
203
185
163
90
167
178
189
156
130
189
163
185
181
138
134
152
130
138
120
116
90
189
138
40
356
2156
5699
9321
11259
11194
9925
8270
6975
6157
5659
5189
4815
4549
4389
4353
4324
4280
4236
4189
3975
3698
3411
3058
2680
2323
1971
1589
1189
661
43
-225
-276
-305
-312
-323
-305
-334
-320
-349
-345
-345
-272
-301
-243
-196
-269
-250
-290
-243
-272
-305
-301
-298
-320
-327
-305
-323
-298
-287
-283
-283
-356
-301
-294
-254
-287
-312
-283
-330
-265
-301
-312
-323
-312
-294
-334
-349
-370
-338
-374
-410
-367
-356
-287
-352
-298
-330
-316
-323
-320
-280
-276
-309
-320
-290
-316
-316
-334
-360
-298
-334
-287
-294
-290
-301
-290
-265
-316
-240
-229
-221
-312
-250
-221
-189
-236
-261
-221
-250
-254
-189
-218
-192
-236
-207
-163
-225
-200
-210
-163
-167
-210
-181
-134
-138
-196
-170
-145
-185
-425
-2120
-5433
-8455
-9914
-10223
-9885
-9201
-8124
-6993
-5913
-5146
-4578
-4284
-4204
-4196
-4178
-4193
-4182
-4087
-3924
-3705
-3455
-3127
-2796
-2476
-2094
-1705
-1163
-581
-54
127
163
196
243
261
283
225
258
316
269
258
218
221
218
214
243
196
258
236
247
294
294
305
330
265
207
250
218
207
236
185
243
240
218
232
265
254
265
225
287
250
221
250
294
280
309
272
294
334
309
312
338
309
