14
24
28
33
37
48
53
49
60
63
72
80
85
87
91
92
100
100
105
121
129
127
134
148
156
153
150
157
170
172
172
182
177
182
192
191
196
199
198
200
203
207
222
208
219
219
223
229
232
226
228
242
236
241
241
242
243
252
252
253
255
258
260
258
266
272
262
266
264
274
270
272
272
268
266
275
269
270
264
266
273
268
268
266
272
269
263
268
255
265
260
259
253
252
245
239
242
239
232
235
232
226
216
216
209
206
210
206
199
199
189
180
179
179
172
163
158
159
151
142
133
123
118
108
109
104
90
78
67
68
64
53
48
39
33
25
14
4
-3
-8
-18
-14
-18
-32
-38
-51
-48
-58
-64
-66
-72
-71
-84
-91
-95
-95
-113
-113
-118
-122
-122
-129
-140
-140
-151
-153
-164
-165
-170
-170
-179
-180
-192
-186
-181
-196
-192
-196
-200
-208
-205
-203
-216
-213
-216
-212
-224
-222
-223
-234
-225
-235
-238
-237
-244
-231
-243
-248
-249
-254
-254
-254
-256
-256
-272
-259
-266
-275
-272
-269
-272
-265
-268
-261
-272
-270
-264
-271
-265
-275
-276
-267
-271
-274
-266
-262
-264
-262
-258
-256
-256
-245
-242
-253
-236
-242
-238
-243
-241
-221
-226
-221
-219
-209
-203
-215
-200
-203
-195
-189
-193
-180
-182
-176
-182
-168
-161
-155
-150
-144
-133
-126
-123
-112
-107
-99
-87
-81
-71
-66
-68
-47
-45
-37
-27
-20
-13
-10
1
2
