11
11
6
4
5
4
3
5
10
15
0
5
4
9
0
4
8
2
4
7
2
3
8
10
7
2
9
1
1
8
10
6
8
4
8
4
5
10
1
3
6
7
3
0
2
10
2
5
5
6
-7
1
5
3
-2
1
10
12
8
16
7
7
1
8
24
54
74
97
111
130
146
165
180
195
213
217
221
236
226
230
218
213
190
173
152
119
59
8
-3
-6
-7
-4
-4
-18
-8
-8
-14
-8
-5
-7
-6
-5
-3
-15
-7
-5
-10
-9
-7
-7
-11
-1
-10
-14
-5
-3
1
-8
-11
-11
-6
-2
-7
-10
-7
-11
-5
-9
-10
-7
-17
-7
-6
-12
-7
-6
-3
-5
0
-5
-8
-9
-4
-9
-6
-10
-11
-7
-3
0
-8
-11
-11
-17
-5
-10
-11
-12
-4
-4
-12
-5
-8
-8
-7
-11
-8
-7
-7
0
-9
-4
-7
-3
-6
-9
-4
-12
-12
-8
-11
-8
-14
-13
-6
-12
-5
-11
0
-8
2
-4
-4
-4
-4
-10
-4
-5
-3
-6
0
-12
-30
-59
-86
-116
-142
-164
-179
-198
-192
-205
-204
-218
-218
-229
-236
-231
-226
-215
-204
-189
-171
-155
-110
-47
2
7
4
11
11
8
12
10
10
11
9
17
9
11
7
11
7
5
7
10
12
10
2
1
3
5
10
0
0
6
5
5
6
5
8
5
12
2
-1
7
6
8
10
8
10
5
12
8
10
12
7
8
1
7
