22
19
22
42
53
53
59
63
68
77
73
81
81
92
103
108
114
119
122
126
132
134
149
148
156
164
169
170
174
181
182
189
195
195
198
192
206
209
212
209
213
216
219
221
224
228
222
225
226
232
236
236
240
246
247
251
242
255
260
264
256
255
259
263
264
266
268
262
267
267
266
268
263
262
262
262
263
260
260
257
260
261
266
260
258
256
252
250
252
253
243
237
239
230
226
229
222
226
223
228
223
210
212
203
207
202
199
195
187
188
184
171
170
161
159
152
143
142
131
126
116
108
99
101
89
80
78
75
61
55
44
37
37
18
13
4
-4
1
-13
-18
-26
-35
-32
-39
-50
-56
-63
-65
-68
-76
-81
-74
-84
-91
-103
-108
-116
-120
-130
-134
-139
-138
-145
-155
-150
-160
-172
-169
-178
-182
-188
-187
-198
-203
-192
-200
-198
-209
-202
-208
-214
-212
-228
-214
-226
-231
-231
-229
-230
-231
-242
-242
-245
-246
-248
-247
-258
-252
-251
-255
-259
-259
-267
-265
-262
-264
-269
-264
-260
-266
-267
-256
-268
-261
-266
-263
-260
-260
-256
-261
-255
-255
-261
-254
-253
-255
-254
-248
-255
-242
-251
-243
-239
-236
-221
-230
-223
-224
-225
-214
-218
-209
-214
-210
-200
-191
-193
-196
-185
-183
-170
-173
-166
-169
-166
-152
-145
-135
-128
-120
-119
-109
-111
-103
-90
-77
-76
-72
-66
-52
-37
-38
-31
-23
-12
-17
0
8
7
23
