2
16
12
29
33
32
44
52
53
61
64
69
79
85
93
94
98
102
113
116
122
133
137
134
142
143
149
156
170
162
177
176
185
187
186
190
200
195
198
202
212
214
216
223
213
220
225
228
222
235
235
245
238
239
243
246
252
250
249
246
255
248
254
258
260
262
262
266
268
268
267
274
266
265
265
272
269
268
268
267
272
270
264
255
262
264
264
263
258
258
259
257
256
251
250
248
237
242
238
231
235
239
233
223
218
210
208
208
205
198
193
189
188
182
172
176
163
152
146
144
138
122
115
115
111
87
99
95
81
71
68
57
53
43
31
24
15
11
12
-7
-8
-14
-22
-27
-34
-39
-58
-60
-62
-60
-69
-74
-74
-83
-85
-86
-87
-105
-111
-126
-116
-128
-136
-144
-143
-165
-160
-159
-166
-174
-172
-185
-173
-182
-191
-193
-201
-201
-205
-200
-208
-210
-206
-216
-219
-216
-216
-225
-232
-225
-231
-234
-241
-245
-246
-239
-242
-256
-249
-255
-259
-257
-259
-261
-266
-267
-268
-275
-276
-268
-266
-271
-264
-277
-272
-273
-272
-263
-272
-266
-263
-271
-265
-269
-267
-267
-268
-263
-254
-263
-262
-256
-255
-248
-251
-242
-243
-246
-235
-238
-236
-231
-231
-222
-222
-208
-207
-206
-199
-198
-195
-192
-183
-176
-168
-160
-157
-151
-146
-137
-134
-125
-123
-114
-117
-97
-92
-85
-78
-74
-57
-64
-50
-35
-28
-25
-17
-14
0
10
