17
34
35
32
34
47
53
62
70
72
70
87
94
103
107
109
109
117
116
129
134
142
147
152
155
163
165
175
178
176
186
192
198
199
193
198
206
207
213
210
214
208
212
220
229
230
231
223
226
241
237
242
240
240
247
254
256
250
255
262
259
264
262
263
266
257
262
264
261
261
262
259
263
265
261
265
265
262
269
262
259
258
258
258
254
254
250
251
253
247
246
239
234
235
230
231
222
216
216
220
217
213
208
203
199
203
200
190
192
186
173
167
159
165
163
145
143
141
139
120
123
117
109
101
90
87
74
75
66
51
53
45
34
29
19
17
3
-4
-12
-17
-21
-25
-38
-41
-46
-48
-66
-64
-66
-72
-76
-85
-93
-101
-101
-106
-111
-122
-123
-139
-137
-144
-148
-150
-159
-160
-169
-175
-181
-177
-188
-187
-194
-196
-204
-196
-203
-208
-203
-217
-214
-218
-223
-227
-229
-223
-236
-236
-238
-238
-228
-243
-244
-247
-254
-250
-256
-256
-256
-249
-253
-266
-262
-269
-268
-258
-271
-269
-268
-275
-268
-259
-258
-261
-259
-259
-249
-260
-262
-262
-258
-254
-260
-252
-255
-259
-249
-254
-255
-248
-246
-239
-241
-239
-230
-237
-225
-228
-219
-221
-222
-213
-209
-203
-206
-197
-192
-195
-182
-186
-176
-178
-161
-167
-161
-144
-139
-140
-129
-116
-121
-104
-111
-103
-97
-84
-78
-77
-68
-58
-37
-35
-27
-32
-20
-16
-10
0
9
18
