1
8
7
10
12
3
2
8
8
9
5
4
5
10
7
2
5
0
4
7
8
8
1
10
8
1
7
0
0
4
1
1
2
7
6
1
5
5
0
4
10
6
12
5
11
0
5
10
10
10
4
4
4
4
5
0
1
2
7
7
7
5
13
41
70
104
130
149
172
188
205
213
224
235
233
224
233
230
228
233
220
207
196
173
146
114
47
1
0
-6
-5
-9
-11
-4
-9
-12
-10
-4
-7
-9
-4
-11
-7
-5
-2
-4
0
-9
-11
-7
-3
-11
-6
-5
-10
0
-6
-6
-9
-7
1
-2
-1
-5
-12
-10
-5
-1
4
-8
0
-11
-2
0
-8
-1
-11
-5
-7
-9
-1
-4
-11
-9
-12
-5
-7
-5
-3
-10
-8
-4
-2
-4
-2
-2
-6
-14
-5
-12
-5
-8
0
0
-2
0
-11
-1
-5
-4
-1
-11
-7
-2
-11
-4
-4
-10
-8
-5
-4
-6
-11
-8
-4
-1
-8
-2
-2
-1
-4
-6
-1
-8
-8
-9
-5
-1
-5
-7
0
-6
-28
-64
-89
-123
-152
-170
-186
-210
-223
-215
-232
-228
-232
-230
-242
-240
-235
-233
-209
-199
-176
-159
-134
-94
-27
6
12
7
11
14
12
12
7
4
8
7
10
8
2
0
5
14
6
0
8
7
8
6
9
10
1
-1
2
0
8
4
11
4
5
2
-1
10
8
0
11
5
4
8
1
4
-2
4
4
11
15
18
5
7
