272
254
261
247
232
276
254
309
276
247
236
214
276
243
247
265
221
243
290
250
258
280
254
240
214
221
250
229
229
200
178
181
185
152
225
185
178
163
232
178
163
130
160
152
178
203
156
152
152
130
134
94
101
90
80
134
156
767
3200
6760
9514
10750
10794
10285
9317
8157
6924
5789
4986
4447
4142
3986
3946
3949
3960
3840
3731
3604
3378
3091
2756
2545
2094
1800
1363
814
156
-149
-174
-312
-363
-338
-312
-323
-334
-330
-261
-276
-301
-214
-221
-229
-240
-243
-280
-272
-254
-309
-316
-309
-320
-360
-370
-261
-330
-269
-294
-276
-229
-320
-250
-287
-250
-298
-290
-280
-320
-294
-261
-301
-316
-301
-301
-345
-283
-352
-338
-341
-316
-280
-334
-312
-290
-269
-301
-290
-272
-254
-298
-280
-301
-301
-309
-287
-280
-316
-312
-309
-301
-294
-305
-280
-218
-283
-232
-254
-229
-258
-258
-269
-258
-200
-236
-210
-283
-229
-210
-210
-254
-272
-229
-221
-192
-174
-210
-185
-200
-174
-203
-200
-149
-167
-123
-105
-138
-72
-116
-614
-3182
-7648
-11663
-13401
-12943
-11125
-9066
-7222
-5859
-4971
-4462
-4211
-4084
-4066
-4167
-4146
-4080
-4011
-3822
-3593
-3287
-2993
-2614
-2305
-1971
-1618
-1083
-592
-7
152
218
276
269
309
330
276
301
269
334
290
269
221
214
196
240
240
221
243
261
269
269
236
265
309
309
301
247
250
247
261
254
287
210
240
200
229
265
214
283
298
232
254
265
243
254
283
301
316
363
338
287
269
