18
28
33
33
45
43
53
57
61
66
70
79
80
80
94
105
105
115
119
129
134
139
146
151
160
167
170
176
183
182
177
187
192
193
197
201
200
199
203
200
211
220
218
221
227
219
226
225
226
230
235
239
238
238
256
257
257
250
249
256
258
259
263
258
261
255
256
258
261
262
261
257
260
262
265
264
261
257
259
257
259
258
262
259
258
256
252
242
239
247
245
242
232
239
231
231
231
220
223
217
211
213
214
212
207
192
195
187
192
188
178
170
162
160
157
147
146
136
128
130
122
106
111
102
99
90
85
66
66
50
44
39
34
23
28
14
2
-4
-8
-11
-20
-22
-34
-38
-42
-52
-58
-57
-64
-68
-78
-83
-85
-101
-110
-107
-111
-110
-120
-132
-140
-139
-152
-147
-152
-156
-169
-173
-172
-173
-186
-192
-187
-199
-196
-191
-195
-200
-206
-203
-215
-206
-211
-214
-222
-219
-217
-224
-229
-242
-238
-243
-241
-241
-243
-246
-246
-252
-250
-261
-255
-252
-255
-252
-262
-261
-262
-265
-258
-266
-264
-261
-262
-261
-261
-264
-260
-265
-259
-261
-262
-251
-254
-259
-252
-252
-251
-248
-252
-245
-238
-243
-232
-233
-223
-235
-226
-225
-219
-212
-221
-209
-209
-208
-208
-205
-196
-193
-194
-183
-186
-177
-168
-159
-154
-146
-147
-132
-136
-127
-115
-110
-110
-90
-93
-81
-80
-78
-63
-53
-49
-33
-35
-29
-14
-12
-9
2
7
17
