7
9
8
4
8
7
4
6
4
9
4
6
7
3
12
7
1
5
7
7
8
8
6
4
4
-1
4
10
4
2
2
-7
1
10
4
0
-3
5
5
2
6
6
11
9
2
11
2
10
0
1
4
7
10
3
4
11
10
2
0
0
10
3
1
12
30
73
101
127
148
168
192
198
208
212
216
222
230
231
228
221
217
208
189
173
141
119
73
23
0
-13
-6
-8
-6
-2
-16
-9
-9
-11
-11
-12
-12
-10
-4
-9
-8
-6
-11
-11
-1
-11
-10
-5
0
-4
-11
-4
-11
-7
-2
-7
-5
3
0
-1
-1
-1
-4
-10
-2
0
-2
-5
-4
-4
-17
-8
-10
-11
-5
-2
-10
-17
-7
-3
-6
-8
-5
-7
-5
-13
-4
-10
-1
-5
-9
-4
-7
-9
0
-2
-4
-2
-8
-12
-4
-7
-5
-10
-7
-9
1
-5
-7
-7
-4
-1
-1
-7
1
-5
-1
-11
-4
-4
-5
-2
-8
-5
-7
-11
-2
-5
3
2
-10
-7
-8
-3
2
-1
-7
-2
-2
-16
-41
-73
-113
-126
-152
-166
-182
-192
-202
-217
-215
-226
-234
-244
-229
-221
-221
-205
-188
-164
-144
-121
-83
-15
7
14
7
1
4
3
4
1
2
11
10
9
7
4
6
5
11
9
12
15
11
4
7
10
11
1
10
12
11
5
1
4
14
5
11
7
10
10
10
7
6
-4
2
10
8
7
4
5
0
5
4
-3
