5
8
8
-2
-1
-1
0
7
4
1
12
4
10
11
6
11
0
12
1
-1
6
4
1
9
2
4
9
8
4
1
4
3
3
10
2
2
8
0
3
0
0
11
3
5
4
2
1
5
4
0
7
7
-1
-2
-1
2
1
-1
5
-2
7
3
0
2
8
37
67
88
113
144
159
169
193
197
209
212
208
216
217
210
214
201
192
170
156
129
84
13
-3
-8
-13
-12
-11
-7
-9
-3
-2
-11
-7
-5
-7
0
-5
-14
-8
0
-10
-11
-7
-10
-4
-8
-6
-13
-8
-5
-9
-5
-10
-10
-2
-9
-3
-7
-9
3
-1
-2
-8
-8
-8
-7
-2
-2
-11
6
-1
-5
-2
-12
-11
-10
-4
-5
-17
0
-8
-1
-7
-14
-9
-12
-2
-8
-4
-5
-2
0
-2
-6
-7
-8
-1
0
-6
-2
-2
-4
-10
-1
-4
-9
-1
1
-5
-7
-6
-8
-7
-1
-1
0
-5
-4
-3
-8
-8
-5
-2
-5
-5
-6
-1
-5
-5
-1
-5
-6
-2
0
-3
-12
3
-10
-20
-44
-74
-96
-127
-136
-160
-172
-188
-194
-204
-224
-228
-238
-225
-226
-213
-199
-189
-170
-153
-120
-83
-10
-2
7
9
4
18
12
2
5
0
5
0
2
7
3
5
4
10
6
4
8
8
0
2
6
13
6
10
14
4
14
8
8
12
7
8
5
5
8
9
5
1
6
11
9
8
11
10
7
9
17
14
9
