338
320
363
320
290
352
305
334
327
345
261
283
261
305
341
254
316
309
341
330
330
301
283
298
294
243
254
265
265
207
200
229
229
269
236
247
265
258
261
232
258
236
189
196
203
207
203
181
236
221
207
203
156
152
130
152
480
2793
7186
11361
13507
13441
11434
8968
7182
6193
5666
5342
5113
4797
4611
4491
4531
4495
4535
4437
4236
3942
3658
3356
3025
2756
2476
2105
1727
1265
603
-10
-156
-200
-254
-290
-254
-258
-305
-276
-287
-258
-229
-236
-236
-236
-221
-232
-269
-258
-210
-287
-272
-276
-298
-261
-294
-294
-294
-254
-272
-272
-232
-247
-276
-294
-312
-247
-265
-254
-309
-287
-229
-258
-305
-269
-276
-312
-312
-316
-280
-290
-283
-327
-341
-316
-254
-247
-301
-305
-276
-283
-272
-287
-283
-269
-229
-243
-261
-265
-309
-261
-269
-272
-283
-276
-290
-269
-229
-236
-254
-221
-210
-236
-218
-163
-225
-229
-232
-232
-214
-196
-181
-221
-218
-203
-200
-181
-192
-138
-167
-130
-156
-181
-145
-156
-130
-163
-130
-94
-516
-2953
-7350
-11023
-12267
-11739
-10423
-9284
-8197
-7251
-6462
-5706
-5153
-4818
-4651
-4593
-4622
-4586
-4444
-4309
-4080
-3826
-3531
-3302
-2993
-2767
-2396
-1974
-1600
-1160
-494
65
221
247
301
312
330
345
320
338
287
283
247
218
294
240
221
272
287
301
301
312
330
392
316
320
323
312
320
330
334
312
301
316
283
247
352
283
290
323
269
283
323
309
338
323
334
370
338
327
381
378
381
349
