9
4
7
8
6
4
8
4
1
8
7
2
10
6
9
10
7
5
5
9
7
2
8
7
7
11
5
10
16
10
7
7
6
9
4
7
2
-1
6
4
8
8
4
10
2
0
-2
4
10
4
-2
1
4
1
-1
10
10
7
11
6
4
12
14
33
52
86
110
131
150
155
172
186
199
213
222
231
233
234
233
228
216
206
184
172
144
103
48
5
-6
-7
-9
-7
-8
-5
-10
-6
-7
0
-12
-7
-3
-5
-1
-8
-9
-12
-9
-5
-12
-7
-14
-2
-1
-14
-5
-9
-4
-8
-5
2
-5
-12
-12
-6
-5
0
0
-7
-10
-3
-7
-1
-8
-9
-5
-7
-4
-10
-11
-10
-15
-2
-11
0
0
-5
-8
-6
-8
-6
1
3
-7
-2
1
-12
-2
-12
-12
-12
-4
-2
-8
-2
-6
-5
0
-5
-5
-4
-2
-2
-6
-3
-3
0
4
-7
-4
-9
-7
-6
-10
-5
-4
-12
-5
-7
-7
-7
-4
-5
-5
-1
-7
-11
-2
-13
-8
-10
-2
5
-5
-13
-43
-73
-104
-127
-150
-166
-182
-189
-205
-208
-219
-229
-230
-224
-229
-223
-209
-199
-186
-175
-149
-111
-51
-15
1
-5
3
4
12
11
5
12
7
5
13
4
10
4
12
9
5
8
2
1
10
11
7
4
8
4
6
8
7
0
9
4
6
5
3
1
7
4
12
0
5
2
-1
7
11
17
9
6
7
7
5
5
