4
6
1
12
11
9
2
4
5
0
5
9
8
7
7
-1
7
5
-3
5
2
6
7
2
1
3
10
8
6
5
7
3
4
5
10
4
7
3
5
5
4
4
10
6
8
11
7
1
-2
5
4
5
5
8
2
1
6
-2
0
4
1
3
6
2
12
31
59
79
106
129
157
165
173
185
203
213
216
229
232
225
216
205
198
180
161
140
111
54
-2
-17
-10
-5
-11
-6
-9
-9
-4
-7
-4
-2
-2
-6
-2
-8
-5
-4
-7
-8
-7
-8
-4
-7
4
-4
-8
-16
-15
-5
-7
-1
-2
-8
-5
-14
-3
-5
-2
-4
-9
-7
-6
-11
-10
-11
0
-2
-8
-2
-4
-2
-3
-5
-8
-4
2
-8
-2
1
-8
0
-8
-9
-8
-11
-5
-7
-4
-4
-4
-1
-5
0
-5
-4
-5
-10
-5
-10
-4
-4
-5
-2
-10
-11
-5
-6
-4
-9
-5
4
-4
-3
0
-6
-1
-6
-3
1
0
-2
-5
-5
-6
-10
-7
-13
-8
-2
-6
-10
-8
-2
-7
-11
-31
-49
-81
-104
-124
-149
-163
-183
-197
-210
-221
-219
-234
-224
-229
-226
-219
-211
-183
-176
-149
-133
-101
-37
4
11
13
15
0
6
7
5
1
1
8
14
10
10
2
5
3
2
8
10
9
4
5
8
4
9
20
8
10
5
5
12
11
10
11
1
10
4
10
12
10
12
14
5
5
7
13
8
7
4
-7
6
