294
294
301
316
298
305
280
250
272
232
247
269
280
305
294
200
258
283
265
320
254
258
280
294
225
272
229
261
221
229
200
232
240
207
200
214
181
185
247
232
254
192
130
189
185
210
192
178
178
145
90
149
138
160
152
138
214
916
3731
7688
10565
11212
10223
8961
7866
7044
6382
5746
5186
4742
4433
4204
4186
4204
4146
4095
3964
3738
3527
3280
2916
2618
2323
1945
1509
1076
425
-47
-196
-221
-247
-272
-287
-316
-254
-305
-269
-258
-280
-225
-276
-225
-196
-189
-254
-261
-272
-301
-290
-294
-312
-352
-349
-316
-276
-290
-312
-261
-287
-276
-214
-240
-221
-294
-261
-287
-243
-236
-265
-247
-305
-272
-327
-323
-272
-294
-243
-334
-334
-363
-320
-301
-265
-236
-294
-272
-301
-250
-254
-276
-240
-290
-269
-294
-250
-309
-250
-218
-272
-254
-290
-272
-265
-280
-221
-232
-181
-218
-218
-229
-243
-236
-221
-170
-225
-225
-189
-196
-207
-225
-214
-127
-174
-178
-192
-192
-170
-130
-192
-138
-101
-130
-145
-167
-167
-145
-196
-1014
-3786
-7288
-9619
-10466
-10343
-9725
-8750
-7597
-6510
-5553
-4862
-4429
-4178
-4055
-4091
-4135
-4160
-4113
-4058
-3902
-3662
-3356
-3018
-2742
-2360
-1945
-1520
-912
-276
130
185
287
254
247
360
330
280
323
294
280
287
276
258
207
218
258
229
261
272
272
341
349
294
327
269
265
290
272
280
305
243
240
305
276
301
301
276
254
236
236
283
287
323
269
320
320
316
323
352
338
320
301
