0
2
6
0
2
7
5
2
5
4
8
6
-2
5
1
7
7
5
6
-4
-1
-2
-4
1
-1
5
9
7
0
4
6
1
-2
2
7
3
4
2
2
2
7
7
1
6
1
4
10
5
3
6
15
8
5
10
5
5
11
2
7
1
7
10
8
16
40
66
99
128
159
174
192
197
204
209
218
224
230
232
226
228
213
195
179
159
140
109
58
5
-8
-3
-7
-4
-2
-12
0
-1
-4
-4
-4
-3
-5
0
-1
-7
-4
-7
-10
-7
-10
-5
-8
-8
-10
-17
-4
-7
-10
-12
-8
-10
-18
-5
-5
-9
-7
-7
-11
-8
-10
1
-12
-2
-9
-14
-7
-10
-4
-11
-6
-11
-12
-9
1
-7
-4
-6
-2
-2
-11
0
-10
-4
-8
-12
-8
-7
-3
-10
-2
0
-1
-1
-5
-8
-2
-5
-8
-1
-5
-2
-4
2
2
2
0
-7
-2
-8
-2
0
0
-5
-8
-5
-4
-10
-8
-8
-11
-5
-5
-3
-5
-6
-4
-2
-5
-8
-5
-1
-1
1
-3
-19
-44
-79
-105
-137
-149
-167
-186
-189
-196
-206
-210
-212
-219
-212
-205
-202
-190
-193
-170
-150
-124
-100
-37
0
4
8
6
4
3
7
7
2
6
2
4
10
2
3
1
5
10
1
8
4
10
10
6
6
13
7
10
2
2
5
2
10
7
8
3
0
4
7
11
8
6
12
11
9
13
4
3
0
11
10
7
14
