17
25
25
33
46
56
53
60
64
65
76
74
74
83
90
96
105
112
118
127
122
131
140
144
152
161
162
169
174
172
180
178
183
191
195
196
201
199
209
209
209
213
212
220
212
215
226
225
229
226
230
241
240
241
236
245
242
249
248
248
254
255
259
263
265
262
264
268
263
261
264
261
260
266
262
265
269
260
265
264
260
268
269
264
255
261
261
252
259
257
252
248
248
240
238
240
229
231
226
225
226
221
210
209
214
211
206
199
192
188
186
182
170
165
163
153
153
144
128
125
123
113
115
102
101
92
82
76
67
60
57
46
40
31
23
11
-1
0
-4
-17
-18
-28
-33
-40
-53
-57
-54
-53
-66
-68
-78
-80
-83
-90
-104
-101
-106
-116
-110
-127
-130
-138
-151
-156
-148
-157
-166
-170
-176
-180
-189
-180
-183
-184
-187
-194
-203
-205
-205
-208
-202
-215
-223
-225
-223
-216
-226
-230
-238
-237
-236
-241
-240
-247
-244
-243
-252
-251
-256
-249
-249
-261
-258
-275
-265
-266
-271
-269
-270
-273
-266
-269
-260
-259
-276
-267
-264
-265
-264
-265
-266
-264
-266
-258
-255
-264
-262
-264
-256
-253
-256
-244
-250
-247
-237
-232
-218
-223
-222
-223
-216
-213
-221
-210
-209
-205
-196
-195
-192
-196
-178
-177
-163
-162
-163
-153
-152
-141
-140
-130
-125
-117
-109
-102
-100
-86
-83
-66
-70
-66
-52
-48
-44
-39
-25
-15
-10
-2
6
17
