17
24
30
37
41
44
54
53
60
66
67
75
76
88
99
97
93
110
119
130
127
130
137
140
146
156
165
163
169
178
178
182
182
190
192
195
198
202
205
200
205
215
215
219
224
219
226
227
220
228
239
245
232
236
239
238
242
245
246
254
252
256
258
259
262
259
275
264
263
266
265
265
269
264
265
264
266
261
266
268
262
267
261
264
259
258
267
267
265
255
248
245
248
251
243
233
236
231
222
225
213
218
215
215
206
201
201
195
196
193
192
176
169
158
162
153
152
147
131
133
120
110
108
106
101
93
88
73
68
64
50
48
42
28
26
18
6
4
-10
-20
-20
-25
-35
-39
-39
-50
-58
-58
-64
-61
-75
-76
-84
-83
-97
-100
-113
-106
-115
-118
-134
-126
-137
-147
-151
-149
-158
-162
-180
-174
-180
-173
-186
-184
-193
-199
-202
-209
-199
-203
-203
-211
-210
-219
-222
-218
-225
-227
-238
-233
-230
-238
-245
-245
-244
-241
-246
-251
-255
-261
-256
-269
-262
-256
-266
-264
-262
-266
-261
-272
-260
-269
-270
-271
-271
-270
-262
-268
-264
-262
-267
-263
-262
-260
-259
-258
-258
-262
-254
-248
-252
-249
-251
-242
-239
-245
-233
-226
-228
-228
-228
-219
-215
-215
-215
-207
-202
-200
-192
-189
-190
-178
-175
-172
-170
-155
-150
-147
-147
-137
-130
-118
-108
-96
-98
-93
-88
-80
-76
-59
-61
-41
-40
-36
-25
-22
-14
-1
5
13
