272
269
298
221
250
316
269
276
269
254
280
269
261
309
261
247
294
283
221
247
261
312
320
229
225
243
236
232
225
240
265
229
225
229
280
250
214
247
218
185
207
181
149
196
163
167
163
170
141
152
160
130
152
138
160
101
516
2880
6808
9950
10950
10266
9161
8204
7448
6724
5873
5157
4727
4469
4280
4295
4287
4295
4233
4040
3800
3564
3280
2964
2684
2393
2029
1654
1221
676
50
-152
-240
-236
-345
-330
-309
-360
-352
-327
-312
-305
-236
-240
-218
-196
-221
-196
-250
-232
-265
-330
-316
-320
-254
-269
-261
-294
-294
-280
-276
-272
-294
-258
-276
-294
-290
-254
-229
-269
-232
-283
-265
-309
-287
-298
-356
-312
-360
-327
-316
-312
-261
-312
-298
-330
-272
-320
-265
-287
-287
-287
-283
-280
-334
-269
-258
-269
-218
-243
-269
-283
-269
-280
-298
-272
-265
-265
-287
-196
-218
-247
-196
-200
-200
-225
-200
-218
-229
-203
-247
-210
-250
-229
-163
-196
-189
-149
-141
-189
-138
-207
-189
-120
-174
-170
-174
-145
-76
-149
-832
-3822
-7877
-10485
-11132
-10590
-9790
-8834
-7746
-6710
-5720
-5040
-4677
-4560
-4477
-4411
-4429
-4404
-4276
-4080
-3804
-3585
-3284
-2916
-2600
-2305
-2011
-1563
-1120
-570
0
174
218
298
341
287
323
323
294
309
316
247
247
254
240
243
200
243
210
287
316
309
414
330
254
323
301
272
320
294
305
298
280
283
265
247
261
247
290
240
247
287
261
280
334
301
298
334
320
338
352
341
305
290
