-4
4
4
8
11
8
8
5
8
9
1
1
8
1
3
5
7
-1
2
-3
0
10
-1
7
8
13
7
7
9
8
1
9
5
6
-1
0
7
-1
4
5
4
8
2
3
7
4
0
13
5
8
5
1
-1
0
5
5
7
1
0
-2
-2
8
10
18
48
81
113
124
142
162
179
189
202
217
218
228
230
232
232
226
225
209
190
177
160
135
93
22
-10
-12
-3
-8
-4
0
-16
-5
-5
-4
-2
-9
-5
-7
-2
-7
-5
0
-8
-5
-5
-3
-3
-4
-6
-14
-8
-10
-3
-4
-7
-10
-1
-8
-4
-4
-8
-2
-6
0
-5
-4
0
-15
-2
-8
-6
0
-1
-4
-5
-7
-5
-11
-3
-5
0
-5
-11
-1
-2
2
-1
-2
-4
-9
-10
-7
-7
-4
0
-2
-2
-9
-6
-1
-2
0
0
-2
-3
-2
-5
-8
1
-5
-1
-6
-14
-7
-8
-12
-8
-3
1
-4
-1
0
-7
-12
-12
2
1
-2
0
-5
-4
-5
-3
-5
-2
-2
0
-2
-15
-34
-65
-94
-110
-139
-156
-179
-185
-206
-213
-233
-232
-239
-241
-233
-232
-231
-218
-206
-185
-169
-142
-128
-73
-20
10
13
8
4
3
14
14
13
8
8
9
11
2
4
6
1
4
4
7
5
6
9
3
21
0
1
11
12
10
10
10
12
5
10
12
6
11
8
9
10
10
11
10
4
2
11
12
12
3
9
8
12
