2
2
8
0
6
11
7
7
7
-2
0
3
3
5
-1
5
7
8
6
1
1
-2
2
4
-2
1
4
9
8
5
9
-2
-1
0
1
5
1
6
4
6
1
4
2
-1
-1
-2
0
1
4
8
7
2
0
2
8
1
5
8
10
5
7
16
41
70
93
122
140
158
156
162
179
187
205
215
221
219
220
208
196
195
182
167
152
125
94
28
-2
-10
-4
-5
-6
-8
-11
-12
-5
-6
-8
-2
-11
-11
-8
-12
-10
-5
-14
-20
-4
0
-5
-8
-4
-5
-7
-4
-12
-12
-8
-15
-8
-17
-7
-7
-13
-5
-4
-11
-9
-7
-2
-2
-4
-4
-10
-7
-10
-3
-11
-4
0
-7
-11
-7
-17
-12
-12
-6
-8
0
-1
-10
-6
-15
-8
-7
-1
-5
-7
-4
-5
-8
-2
-8
-8
-4
0
2
-10
-11
-5
-9
-8
-8
-6
-7
-6
-4
-3
3
-2
-6
0
-5
-6
-12
-6
-4
-11
-4
-7
-10
-3
-8
-10
-4
-3
-3
-10
2
0
-4
-5
-9
-21
-50
-80
-113
-128
-141
-153
-159
-176
-185
-195
-213
-215
-221
-224
-215
-213
-196
-188
-163
-151
-127
-94
-30
4
9
10
2
6
4
15
4
4
11
10
9
4
2
7
8
-2
0
-2
7
2
6
8
4
6
3
11
10
5
11
6
2
7
1
-1
5
2
7
3
11
15
10
0
3
9
0
0
8
-1
2
1
6
8
8
