-218
56
315
555
765
962
1157
1345
1534
1750
1958
2200
2457
2729
2984
3222
3455
3675
3870
4058
4229
4418
4585
4763
4943
5113
5285
5438
5576
5716
5884
6044
6205
6372
6550
6723
6884
7028
7146
7211
7249
7307
7414
7580
7762
7964
8191
8393
8542
8612
8641
8648
8666
8685
8712
8746
8795
8844
8906
8978
9054
9130
9209
9297
9375
9441
9529
9610
9665
9690
9712
9733
9753
9765
9782
9799
9824
9850
9857
9868
9881
9886
9887
9889
9890
9881
9862
9789
9617
9406
9182
8970
8756
8542
8352
8217
8125
8028
7942
7840
7741
7634
7507
7362
7219
7064
6911
6784
6663
6535
6409
6276
6138
6003
5860
5714
5580
5441
5300
5157
5003
4851
4726
4542
4259
3928
3567
3182
2825
2496
2213
1981
1786
1615
1467
1343
1185
965
709
456
191
-77
-334
-564
-776
-977
-1168
-1353
-1550
-1753
-1980
-2212
-2482
-2750
-3004
-3244
-3463
-3681
-3885
-4071
-4249
-4425
-4605
-4785
-4955
-5133
-5306
-5470
-5602
-5743
-5909
-6060
-6222
-6398
-6565
-6737
-6905
-7048
-7158
-7233
-7267
-7316
-7443
-7603
-7780
-7996
-8220
-8415
-8551
-8629
-8651
-8656
-8665
-8686
-8722
-8757
-8793
-8840
-8910
-8985
-9054
-9137
-9221
-9308
-9384
-9456
-9550
-9620
-9667
-9704
-9725
-9736
-9754
-9765
-9781
-9799
-9817
-9840
-9850
-9867
-9877
-9886
-9886
-9891
-9881
-9878
-9862
-9775
-9603
-9394
-9152
-8941
-8728
-8518
-8337
-8204
-8108
-8008
-7919
-7821
-7728
-7616
-7493
-7351
-7193
-7047
-6907
-6777
-6650
-6539
-6407
-6267
-6130
-5992
-5845
-5697
-5556
-5419
-5286
-5145
-4981
-4840
-4723
-4534
-4234
-3902
-3522
-3139
-2769
-2443
-2175
-1952
-1756
-1606
-1469
-1342
-1178
-955
-692
-430
