10
7
17
3
-4
9
0
2
2
9
10
5
4
8
3
1
5
6
9
2
7
5
11
10
8
11
9
13
12
7
14
11
4
1
1
11
5
2
7
2
12
12
12
3
1
8
9
6
7
1
10
2
0
-1
1
5
8
6
7
5
4
10
12
-1
7
26
61
91
121
153
174
195
212
223
234
239
243
242
238
223
212
198
177
153
139
100
43
-1
-13
-7
-5
-6
-18
-9
-7
-10
-8
-8
-10
-7
-4
0
-10
-7
-5
-7
0
0
-6
-13
-11
-6
-13
1
-5
-8
-10
-11
-6
-10
-3
-11
-14
0
-7
-4
0
-8
-6
-4
-6
0
-1
-5
-7
-15
-11
-10
-4
-14
-15
-10
-14
-1
0
-1
-5
-9
-1
-4
1
-4
-11
-7
-5
-10
-11
-6
-6
-9
1
-10
-13
-8
-7
-2
-7
-9
-2
-10
-6
-8
0
-1
0
-11
-8
-4
-10
-6
-12
-10
-8
-2
-1
-2
-8
-11
-8
-11
0
-7
-5
-4
-8
-4
-5
-2
-2
-8
-6
-7
-9
-2
-22
-35
-74
-96
-140
-155
-179
-186
-212
-216
-232
-235
-235
-239
-226
-225
-202
-186
-170
-153
-132
-80
-25
3
7
1
3
8
16
14
7
11
12
13
8
9
12
2
5
7
5
3
7
1
5
5
12
14
5
10
11
11
1
10
13
5
11
11
11
13
4
8
5
0
1
4
9
7
8
12
5
6
8
2
11
12
