6
4
9
10
5
12
10
7
2
-2
4
6
11
3
8
2
4
8
2
5
8
9
7
0
4
12
10
7
4
0
8
-3
-1
4
3
5
5
5
15
9
8
-2
5
7
-1
9
5
8
9
6
7
9
-1
0
-1
5
7
2
11
2
4
3
7
2
5
19
35
55
97
119
141
156
171
188
200
209
213
217
215
209
198
190
182
163
133
110
79
23
1
0
1
0
-7
-8
-5
-5
-10
-5
-5
-5
-1
-12
-7
-2
-2
-8
-8
-7
-13
-19
-7
-5
-6
-18
-11
-6
-1
1
2
2
-3
-10
-2
-12
-3
-2
-12
-8
-5
0
-2
-9
-5
-8
-9
-11
-9
1
-7
-4
-1
-4
-1
-7
5
2
-3
0
-1
-2
0
2
1
-6
-10
2
-12
-3
-7
-11
-9
-8
-5
-8
-7
-6
-4
-2
-12
-1
0
-3
-9
-8
-1
-4
-7
0
4
-3
-12
-7
-5
-9
-1
-4
-8
-2
-8
-4
-1
-4
-4
-6
-4
-2
-5
-7
-8
-2
-6
-7
-7
-5
-8
-28
-58
-87
-120
-143
-170
-176
-184
-208
-218
-228
-227
-235
-234
-219
-216
-198
-176
-155
-146
-111
-68
-17
0
8
6
4
8
4
8
14
8
11
10
14
8
1
13
13
14
10
5
5
-4
3
4
10
12
10
5
15
4
7
4
4
4
0
11
12
7
6
2
6
11
4
8
2
5
11
4
6
0
0
5
4
