356
290
290
298
247
276
269
301
294
298
280
247
280
265
265
309
316
250
294
305
247
305
261
240
283
207
229
236
200
210
196
200
192
236
240
261
170
229
207
232
261
189
149
163
134
181
189
200
196
170
185
134
90
145
109
94
312
2083
5822
9495
11867
12398
11416
9503
7444
5902
5022
4647
4655
4807
4851
4771
4647
4549
4346
4164
3920
3618
3269
3036
2673
2389
2113
1698
1291
796
160
-170
-167
-247
-276
-301
-338
-316
-349
-309
-349
-261
-265
-250
-265
-254
-200
-214
-265
-287
-327
-294
-316
-305
-316
-341
-283
-287
-283
-287
-312
-330
-330
-327
-290
-309
-280
-269
-345
-272
-294
-240
-276
-243
-301
-349
-305
-327
-334
-341
-352
-316
-320
-309
-283
-290
-341
-290
-287
-298
-305
-272
-258
-287
-261
-269
-298
-294
-301
-287
-309
-301
-290
-243
-265
-258
-236
-323
-258
-258
-250
-269
-250
-214
-236
-229
-232
-254
-232
-196
-203
-232
-185
-196
-243
-192
-174
-141
-189
-156
-112
-185
-149
-185
-170
-181
-145
-120
-152
-421
-2804
-7397
-11558
-13721
-14060
-13020
-11237
-9124
-7131
-5640
-4866
-4640
-4782
-4964
-5051
-5048
-4906
-4753
-4626
-4415
-4182
-3964
-3647
-3284
-2974
-2604
-2254
-1876
-1440
-851
-203
185
232
210
261
338
316
334
327
305
283
287
320
254
309
283
269
287
265
287
294
345
316
370
345
276
276
276
305
341
349
323
334
309
316
309
312
283
316
323
323
272
305
338
298
389
345
301
396
403
345
349
360
323
