356
334
283
265
258
250
294
254
272
261
225
193
171
158
153
158
172
193
212
226
236
243
245
243
240
240
185
229
207
221
185
196
240
145
167
240
210
181
218
232
218
192
127
149
101
134
178
127
174
185
160
178
116
87
116
178
905
3716
7939
10950
11932
11430
10394
9230
8132
6997
5909
5018
4480
4189
4051
4007
4062
4062
4106
4095
3960
3727
3455
3193
2771
2465
2120
1709
1305
807
116
-181
-276
-305
-290
-280
-254
-330
-280
-294
-298
-298
-272
-236
-298
-221
-203
-240
-250
-309
-287
-312
-305
-363
-298
-276
-334
-283
-334
-294
-312
-283
-341
-316
-280
-261
-240
-261
-276
-287
-265
-265
-287
-312
-345
-309
-341
-309
-338
-363
-349
-330
-327
-356
-345
-323
-258
-272
-276
-298
-330
-276
-316
-312
-294
-261
-290
-316
-276
-298
-280
-298
-283
-232
-294
-247
-232
-265
-272
-232
-236
-236
-207
-258
-229
-185
-210
-203
-240
-160
-269
-269
-203
-203
-196
-221
-192
-160
-200
-141
-178
-196
-181
-156
-174
-192
-134
-156
-109
-138
-949
-4156
-8721
-12009
-12536
-11368
-9845
-8572
-7615
-6746
-6015
-5393
-4862
-4498
-4273
-4171
-4160
-4127
-4164
-4058
-3967
-3720
-3429
-3087
-2778
-2458
-2058
-1694
-1269
-701
-76
185
276
254
298
229
247
272
276
298
250
258
210
229
240
276
243
269
236
258
290
287
280
305
294
316
360
276
247
258
240
250
218
247
258
218
232
276
305
294
276
250
283
309
301
301
305
290
301
320
370
320
320
312
