0
8
1
4
13
12
5
2
12
12
3
2
0
11
11
5
2
3
5
-1
1
8
6
4
8
2
9
14
5
6
-5
4
11
12
6
7
6
8
7
7
0
7
8
6
11
7
3
6
0
5
3
0
-1
1
-8
5
8
3
1
7
2
29
76
111
139
159
179
196
193
212
213
224
230
242
247
252
256
255
245
245
229
217
202
183
165
138
86
22
-6
-7
-10
-14
-12
-17
-7
-2
-10
-4
-9
-12
-5
-4
-1
-5
-4
-5
-8
-4
-9
-4
-10
-8
-4
-13
-7
-3
-4
-7
-8
-4
0
0
-8
-2
1
-3
-17
-2
-2
-6
-12
-10
-5
-5
-4
-1
-6
-10
-13
2
-8
-5
-5
-4
0
-4
-12
0
-5
4
-8
-9
-10
-14
-8
-10
-9
-2
-4
-8
-14
-6
-4
-7
0
-9
-8
-12
-4
-8
-8
-3
-9
-13
-2
-5
-4
-11
-7
-4
-5
-10
-3
-2
-7
-7
-2
-5
-5
-7
-7
-16
-11
-10
-9
-8
-1
-2
-6
-7
-24
-55
-107
-136
-161
-160
-182
-190
-206
-216
-223
-233
-236
-256
-261
-256
-266
-264
-261
-248
-231
-222
-207
-202
-172
-146
-91
-20
6
8
9
10
4
6
11
12
14
8
10
10
2
11
12
11
-1
7
5
2
14
5
11
12
10
8
6
14
7
10
10
9
11
9
1
-1
8
10
7
6
13
8
12
11
8
7
3
5
8
8
2
6
