0
2
2
12
5
7
0
16
7
9
6
16
13
13
14
9
13
13
20
16
16
22
18
16
13
23
14
24
22
25
21
13
18
22
23
26
28
23
26
35
29
32
35
71
89
105
119
116
101
95
88
97
111
128
138
144
171
199
223
236
243
252
247
254
266
275
283
298
298
316
330
354
374
397
409
413
420
421
420
429
432
440
454
465
484
509
522
528
509
509
502
496
475
431
412
411
417
408
406
400
397
382
361
327
302
282
265
238
226
215
196
177
163
150
128
108
88
61
28
7
0
-4
4
-5
5
0
5
-4
-1
1
0
0
1
1
1
-2
0
-2
-4
-7
-2
-5
-2
-2
-4
-8
-1
-12
-8
-12
-13
-8
-20
-15
-13
-12
-20
-17
-14
-16
-18
-16
-20
-17
-18
-23
-16
-17
-24
-25
-23
-32
-23
-30
-25
-30
-28
-25
-38
-29
-29
-32
-45
-82
-105
-108
-112
-115
-103
-90
-89
-106
-115
-130
-143
-160
-189
-220
-243
-252
-252
-258
-267
-262
-279
-284
-295
-304
-310
-321
-341
-372
-398
-416
-420
-428
-450
-444
-428
-420
-420
-437
-442
-464
-486
-507
-528
-525
-503
-500
-493
-466
-439
-417
-412
-413
-411
-406
-405
-401
-406
-397
-372
-351
-335
-300
-267
-248
-223
-207
-199
-173
-165
-143
-133
-108
-81
-53
-28
1
5
2
5
1
4
8
-1
-3
-1
0
8
4
-4
-3
-2
5
0
-4
1
7
