320
287
298
298
283
283
269
283
232
276
276
265
280
287
301
323
280
276
283
229
258
229
236
290
261
243
229
243
258
192
240
240
225
236
261
269
229
203
203
258
236
200
200
163
229
145
160
127
141
181
145
149
152
101
87
134
163
1007
4226
8757
11790
12510
11699
10419
9208
8095
7026
6019
5168
4673
4440
4320
4386
4491
4466
4367
4171
3949
3705
3371
3080
2709
2363
2058
1705
1302
792
174
-207
-261
-265
-272
-312
-363
-298
-349
-320
-294
-301
-276
-269
-192
-229
-280
-218
-269
-236
-283
-283
-356
-345
-341
-363
-334
-312
-316
-301
-338
-298
-312
-290
-294
-301
-258
-312
-316
-265
-298
-298
-269
-327
-312
-341
-316
-309
-334
-334
-352
-338
-352
-327
-327
-338
-290
-280
-254
-341
-280
-312
-349
-316
-301
-272
-349
-305
-301
-309
-290
-305
-276
-290
-265
-265
-290
-287
-290
-254
-269
-229
-254
-265
-243
-272
-196
-229
-265
-261
-240
-225
-240
-185
-225
-181
-236
-218
-232
-221
-181
-203
-163
-138
-167
-160
-134
-134
-149
-149
-494
-2618
-6324
-9470
-10827
-10539
-9579
-8455
-7553
-6626
-5855
-5204
-4789
-4557
-4437
-4371
-4356
-4335
-4266
-4142
-4004
-3735
-3491
-3145
-2924
-2611
-2327
-1854
-1400
-858
-152
149
174
240
247
247
294
258
298
290
240
258
210
181
225
214
218
272
243
254
283
334
294
316
276
261
287
290
276
258
261
250
207
250
214
214
280
276
265
280
261
298
290
272
287
309
345
338
320
301
305
305
312
