15
15
24
31
31
35
37
54
66
63
78
79
85
95
101
94
101
113
108
124
127
130
135
142
158
154
155
167
172
179
185
182
186
188
195
200
199
195
208
203
207
215
218
219
219
218
231
231
231
233
234
231
234
235
245
246
249
251
252
258
256
255
257
260
262
262
262
258
259
261
269
268
265
258
261
265
255
258
258
263
267
256
255
262
258
260
260
253
253
254
243
248
245
246
238
240
239
237
236
222
233
226
217
210
205
215
206
206
201
189
189
181
177
171
173
169
157
151
149
137
129
121
117
116
111
103
88
84
76
65
64
50
43
39
32
18
8
5
-2
-2
-6
-12
-18
-27
-27
-41
-48
-56
-55
-62
-75
-74
-91
-88
-91
-97
-102
-109
-117
-121
-133
-132
-139
-138
-153
-150
-163
-160
-172
-177
-185
-183
-188
-192
-192
-200
-200
-208
-198
-204
-208
-206
-222
-221
-225
-222
-222
-223
-229
-239
-231
-241
-232
-238
-249
-246
-249
-249
-246
-253
-258
-268
-262
-256
-264
-262
-266
-273
-264
-261
-262
-268
-271
-257
-256
-264
-261
-262
-262
-265
-261
-256
-265
-268
-261
-256
-253
-256
-255
-249
-251
-246
-245
-246
-238
-235
-229
-231
-235
-225
-228
-221
-223
-215
-205
-212
-209
-204
-202
-186
-188
-185
-190
-175
-173
-165
-162
-146
-151
-133
-130
-127
-117
-108
-101
-91
-92
-79
-79
-67
-64
-47
-49
-32
-26
-23
-14
-15
4
7
