349
323
272
283
301
280
290
345
276
283
301
254
247
323
301
327
294
305
294
290
261
254
309
283
290
261
276
320
265
258
218
174
196
210
254
232
290
261
221
272
254
196
225
207
152
185
152
152
196
145
178
170
94
134
141
145
472
2982
7790
11972
13656
12900
10805
8543
6746
5495
4818
4604
4506
4393
4371
4382
4400
4498
4422
4189
3891
3600
3335
3044
2727
2425
2058
1632
1127
476
-40
-200
-254
-254
-298
-261
-301
-272
-334
-258
-254
-276
-261
-265
-210
-225
-192
-214
-272
-269
-276
-280
-334
-280
-283
-316
-287
-381
-305
-269
-243
-290
-236
-200
-243
-243
-280
-276
-261
-258
-240
-218
-225
-290
-269
-269
-323
-330
-309
-283
-320
-320
-298
-305
-294
-338
-254
-290
-258
-280
-287
-305
-287
-290
-272
-254
-269
-265
-232
-272
-276
-298
-287
-261
-254
-196
-261
-261
-250
-214
-250
-225
-203
-174
-210
-229
-109
-163
-185
-214
-240
-218
-229
-167
-167
-214
-192
-254
-170
-196
-167
-138
-178
-141
-170
-152
-87
-127
-80
-120
-938
-4211
-9063
-12758
-13714
-12525
-10379
-8128
-6320
-5251
-4684
-4407
-4269
-4244
-4251
-4244
-4280
-4211
-4109
-3891
-3658
-3458
-3185
-2840
-2502
-2120
-1767
-1360
-927
-334
101
207
243
301
305
276
320
334
276
301
272
243
229
247
276
272
203
236
236
265
341
316
301
305
280
341
294
316
309
290
312
309
294
290
272
301
261
200
261
240
232
298
327
298
301
290
298
323
334
352
370
294
334
338
