301
287
290
283
240
280
327
272
265
298
276
236
261
298
283
287
298
254
258
280
283
207
276
294
309
287
236
261
214
163
163
210
200
207
192
236
221
192
218
250
174
167
145
192
174
163
134
167
170
152
112
134
138
112
116
112
283
1829
5298
8975
11314
12012
11314
9757
7950
6470
5429
4931
4807
4757
4702
4604
4473
4349
4247
4124
4004
3731
3324
3014
2651
2320
1985
1600
1174
647
83
-218
-247
-247
-323
-301
-298
-349
-378
-265
-320
-330
-323
-276
-254
-309
-298
-254
-309
-323
-276
-265
-290
-316
-360
-316
-298
-301
-258
-280
-258
-298
-276
-269
-269
-283
-298
-298
-280
-301
-341
-301
-330
-327
-261
-320
-363
-352
-309
-352
-356
-374
-327
-301
-327
-290
-316
-265
-301
-287
-272
-298
-258
-312
-305
-298
-280
-280
-298
-298
-276
-269
-298
-298
-250
-305
-232
-283
-240
-261
-269
-225
-261
-185
-229
-200
-236
-221
-210
-254
-250
-240
-232
-250
-196
-185
-170
-123
-214
-174
-141
-196
-127
-123
-112
-163
-134
-163
-141
-152
-225
-1382
-4575
-8183
-10714
-11485
-10979
-9495
-7717
-6000
-4989
-4487
-4371
-4466
-4418
-4411
-4302
-4269
-4215
-4076
-3931
-3698
-3462
-3134
-2818
-2465
-2138
-1727
-1200
-680
-87
138
258
214
243
305
229
203
258
269
258
229
265
243
229
218
250
218
269
276
200
254
272
298
298
276
272
250
323
283
261
218
247
229
265
261
265
269
283
265
294
247
254
294
305
301
341
327
330
345
334
320
269
269
