10
7
16
5
7
9
6
9
3
3
11
12
12
8
4
5
1
5
5
1
7
7
10
4
0
2
5
8
4
6
10
5
8
9
4
7
3
8
5
7
7
5
3
7
2
5
5
7
12
6
1
4
12
7
-2
8
5
4
8
-1
22
57
110
150
179
191
207
215
216
222
229
238
239
245
247
244
252
246
239
238
223
213
193
175
150
118
53
0
-4
-12
-12
-8
-15
-7
-1
-10
-2
-7
-4
-1
-8
-3
-9
-2
-9
-4
-3
-7
-5
-6
-14
-6
-6
-2
-1
2
-3
-3
-7
-5
-14
-2
-5
-8
-6
-6
-17
-13
-6
-7
-8
-9
-11
-9
-11
-10
-6
-10
2
-7
-8
-6
-5
0
-15
-8
-7
-10
-12
-7
-3
-7
-7
3
0
-3
-5
-7
-4
-12
-4
-4
-4
-5
-2
-7
-6
-4
0
-10
-4
-7
-12
-1
-11
-3
0
-7
-10
-14
-5
0
-4
-4
-11
7
0
-4
-4
-4
0
-3
-4
0
-5
1
0
-6
1
-4
-37
-90
-129
-163
-174
-195
-203
-212
-212
-217
-212
-222
-232
-229
-247
-239
-238
-242
-236
-236
-213
-201
-196
-171
-157
-116
-47
-1
11
7
10
5
7
5
7
8
8
8
11
12
10
1
8
13
12
10
9
5
12
2
10
14
11
11
9
12
10
5
12
13
10
10
2
14
8
7
10
10
10
4
12
10
2
7
0
10
10
4
12
10
