349
367
301
312
338
298
283
320
316
312
298
261
327
298
280
294
327
309
330
272
290
265
218
247
254
276
280
261
243
265
258
254
232
272
240
232
240
232
210
254
272
232
174
210
243
207
214
170
207
210
200
174
207
167
141
160
632
3516
8564
13005
14569
13903
12209
10637
9503
8495
7433
6400
5495
4898
4666
4513
4429
4549
4575
4517
4393
4186
3924
3673
3338
2956
2636
2222
1931
1567
1043
283
-127
-258
-280
-298
-345
-334
-363
-363
-403
-341
-309
-236
-272
-243
-276
-283
-265
-287
-272
-301
-330
-327
-330
-301
-323
-309
-330
-323
-334
-305
-301
-341
-269
-283
-330
-298
-298
-276
-341
-316
-334
-320
-294
-381
-360
-396
-301
-367
-378
-352
-338
-378
-385
-327
-363
-316
-323
-298
-327
-312
-265
-298
-345
-316
-294
-341
-378
-356
-327
-323
-320
-294
-272
-305
-301
-287
-261
-240
-203
-221
-250
-258
-250
-203
-236
-214
-254
-243
-236
-280
-269
-283
-218
-214
-178
-163
-185
-170
-170
-189
-149
-200
-160
-156
-138
-163
-134
-181
-694
-3542
-8648
-13132
-15369
-15325
-13300
-10583
-8379
-7073
-6357
-5859
-5535
-5164
-4931
-4753
-4629
-4578
-4618
-4549
-4415
-4153
-3906
-3669
-3353
-3004
-2633
-2331
-1905
-1440
-934
-163
152
214
258
316
309
309
330
334
276
309
287
229
312
280
240
250
258
225
287
298
287
309
345
327
305
349
320
236
283
294
200
280
236
221
312
301
287
309
294
261
272
323
323
334
330
360
290
323
381
356
385
374
