345
334
269
240
218
287
294
265
305
276
272
269
280
294
327
298
269
276
258
240
305
258
243
232
254
265
229
207
200
232
254
232
258
240
225
214
236
196
178
229
243
174
170
229
196
178
214
138
105
163
149
170
160
145
123
90
218
1502
4742
8277
10248
10416
9743
8797
7902
7077
6211
5422
4855
4477
4175
4073
4084
4120
4102
4018
3906
3764
3509
3255
2887
2560
2138
1767
1323
821
210
-123
-196
-229
-258
-229
-301
-305
-323
-363
-276
-258
-265
-258
-225
-218
-229
-240
-287
-236
-243
-276
-294
-312
-305
-276
-247
-276
-265
-338
-254
-301
-290
-276
-269
-250
-276
-265
-280
-305
-207
-272
-225
-334
-272
-276
-338
-276
-323
-334
-356
-298
-323
-290
-294
-258
-269
-258
-261
-283
-283
-261
-265
-243
-265
-247
-265
-250
-265
-294
-254
-320
-298
-283
-247
-283
-236
-254
-276
-261
-261
-247
-196
-167
-207
-243
-203
-250
-134
-167
-210
-178
-163
-167
-225
-181
-170
-196
-145
-203
-112
-72
-167
-163
-181
-163
-152
-127
-87
-130
-334
-1989
-5633
-8986
-10557
-10546
-9750
-8783
-7837
-6946
-6106
-5375
-4858
-4567
-4407
-4331
-4331
-4346
-4327
-4149
-3960
-3713
-3382
-3069
-2727
-2407
-2062
-1669
-1207
-774
-218
98
203
232
258
309
323
309
294
312
327
301
243
265
218
269
243
196
261
258
283
298
269
305
323
309
294
301
276
269
232
240
309
250
258
280
290
338
301
312
301
272
287
312
320
334
320
305
298
323
312
280
290
327
