14
22
29
33
41
51
46
61
63
67
72
81
85
90
95
100
113
119
121
117
132
139
149
149
152
163
165
170
172
185
182
187
193
183
196
198
199
205
207
218
210
216
223
221
225
225
228
231
236
238
234
241
243
248
249
248
254
258
259
256
257
259
255
261
263
269
265
268
259
261
259
265
268
264
262
267
264
261
262
266
264
258
258
262
256
256
259
259
259
248
240
243
243
239
231
233
228
231
228
218
215
217
210
212
211
201
200
190
185
185
178
178
167
160
160
155
144
140
127
130
123
112
110
101
94
92
91
77
61
51
53
45
35
21
20
16
9
0
-9
-26
-20
-30
-31
-39
-49
-56
-62
-57
-67
-71
-74
-77
-87
-91
-95
-103
-116
-119
-121
-131
-146
-147
-146
-143
-149
-159
-165
-163
-175
-178
-189
-188
-192
-198
-202
-203
-199
-205
-208
-219
-212
-211
-215
-222
-231
-224
-228
-233
-229
-239
-231
-241
-244
-249
-257
-246
-251
-246
-257
-264
-261
-265
-256
-269
-269
-264
-261
-269
-261
-268
-261
-264
-270
-262
-270
-264
-267
-261
-264
-261
-261
-254
-259
-261
-255
-261
-256
-251
-248
-245
-245
-240
-231
-231
-230
-234
-228
-226
-223
-223
-215
-203
-209
-210
-206
-199
-183
-195
-184
-190
-175
-175
-170
-168
-162
-154
-147
-139
-135
-131
-126
-120
-109
-96
-91
-82
-81
-70
-69
-55
-52
-47
-35
-37
-15
-8
-7
8
10
17
