10
11
5
12
2
0
11
5
5
6
10
4
4
9
12
9
12
1
1
3
0
13
7
5
10
8
15
7
14
8
8
8
8
2
11
11
4
12
-1
4
4
10
2
8
13
4
1
11
0
7
-1
4
6
0
10
2
0
4
0
6
6
-1
23
60
102
152
173
183
201
208
205
213
222
227
234
243
242
246
255
252
244
228
221
207
184
168
143
97
27
-8
-8
-14
-2
-12
-15
-4
-7
0
-8
-2
-10
-11
-5
-14
-8
-5
-11
-10
-10
-4
-10
-6
-3
1
-11
-8
-2
-1
-8
-2
-5
-2
-11
-7
0
-7
-1
-2
-13
-5
-5
-8
-4
-7
-7
-10
-6
-7
-12
-2
-7
-5
-8
-9
1
-5
-3
-14
-10
-11
-10
-14
-12
-8
-7
-8
-1
-7
-10
-1
-7
-5
-3
-8
-7
-1
-2
-7
-7
-6
-2
-4
4
-3
-4
-8
-8
-5
-6
-3
-6
-3
-4
-10
-8
-1
-3
-7
-14
-6
-10
0
0
-3
-8
-7
0
-2
-4
-2
4
-10
-61
-112
-159
-193
-208
-216
-231
-243
-247
-255
-253
-260
-266
-270
-271
-257
-265
-256
-240
-235
-215
-199
-183
-155
-127
-82
-17
11
11
6
12
14
12
7
7
6
8
5
20
19
11
13
12
7
7
13
10
9
20
18
8
10
8
12
14
7
16
10
5
4
1
19
11
7
6
5
7
1
4
12
4
10
13
14
17
6
5
12
