14
3
5
4
5
7
9
4
0
7
3
-4
14
12
8
7
4
2
4
8
14
9
7
5
1
6
7
4
6
0
6
2
6
1
-4
10
6
7
10
3
-1
2
5
8
4
4
-4
-2
8
3
4
-1
8
3
6
5
5
4
2
7
10
24
73
110
143
163
175
181
189
206
219
220
225
230
238
238
238
249
244
236
226
208
188
169
153
112
49
-2
-7
-9
-12
-10
-10
-10
-14
-5
-10
0
-10
-10
-9
-11
1
-4
-10
-4
-10
-11
-5
-7
-12
-5
-2
-10
-11
-1
-5
-6
-2
-2
-5
-10
2
-8
-12
-6
-7
-2
-17
-7
-5
-2
0
-3
-4
-5
-11
-3
-8
-8
-1
-8
-9
-9
-4
-4
-10
-7
-12
-4
1
-8
-8
-12
-8
-10
-12
-6
-10
0
-11
-17
-4
-7
-4
-5
-2
-4
-4
-8
-5
-11
-1
2
-4
-4
-5
-5
-9
-7
-12
-7
-3
-8
-1
-5
-2
-1
-6
-2
-12
-9
-6
-11
2
-8
-5
-1
-9
2
-9
-36
-67
-104
-133
-155
-167
-176
-190
-196
-220
-228
-242
-245
-248
-259
-254
-253
-255
-244
-231
-215
-199
-169
-142
-113
-49
1
2
11
1
2
11
8
6
7
6
12
10
11
0
6
7
6
10
10
15
8
3
12
7
5
8
2
0
7
5
5
0
3
10
5
12
8
2
6
0
8
2
10
5
-1
5
4
8
8
12
12
11
0
