276
305
254
272
283
210
290
283
261
254
265
225
294
283
250
243
247
247
261
290
309
298
287
243
261
269
236
250
258
221
214
200
218
170
170
229
218
196
181
210
160
170
156
138
163
189
174
170
167
170
152
109
94
127
130
127
232
1927
6437
11412
13583
12427
10023
7950
6579
5622
4884
4411
4149
3949
3913
3964
4098
4196
4262
4196
4106
3931
3655
3345
3004
2705
2353
2083
1662
1087
378
-141
-236
-240
-309
-305
-320
-309
-276
-298
-261
-316
-232
-247
-305
-229
-247
-254
-272
-261
-323
-330
-363
-389
-323
-338
-265
-276
-272
-294
-261
-243
-254
-254
-309
-294
-265
-305
-330
-323
-265
-312
-287
-287
-305
-272
-320
-301
-338
-341
-374
-338
-338
-378
-370
-363
-341
-338
-287
-294
-276
-272
-305
-269
-290
-272
-330
-323
-258
-272
-269
-290
-272
-290
-272
-265
-236
-258
-283
-283
-258
-290
-265
-254
-247
-258
-163
-229
-207
-218
-232
-232
-225
-200
-174
-200
-189
-200
-185
-221
-178
-174
-181
-149
-167
-174
-185
-163
-120
-138
-189
-1189
-4691
-8859
-10979
-11016
-10201
-9074
-7735
-6448
-5248
-4527
-4026
-3946
-3978
-4189
-4407
-4520
-4542
-4498
-4280
-4073
-3742
-3440
-3065
-2720
-2393
-2043
-1571
-1032
-280
101
218
265
280
290
254
287
276
290
229
214
189
221
221
225
207
181
232
236
283
370
301
261
327
290
305
272
265
250
221
247
243
243
290
287
247
290
250
254
301
265
287
236
250
283
290
320
349
327
309
349
280
312
