9
2
2
0
5
8
1
4
-2
7
10
0
10
9
9
10
1
-1
-2
2
1
0
11
8
8
10
0
-3
4
4
7
2
6
-2
4
15
7
8
8
8
2
-2
5
2
-4
7
12
9
11
7
5
4
2
10
11
8
0
2
11
10
5
1
16
31
64
97
124
146
169
180
191
193
195
202
210
210
210
211
219
213
196
188
180
159
137
96
25
-5
-2
0
-2
-7
-7
-7
-12
-16
-10
-12
-8
-6
-10
-5
-14
-13
-8
-9
-7
-5
-5
-8
-6
-8
-8
2
-2
-8
-11
-6
-10
-18
-10
-10
-15
-5
-2
-3
-16
-4
-2
-14
-5
-2
-8
-2
-6
-5
-7
-10
-8
-15
5
-2
-8
2
-2
-3
-9
-6
-6
-2
0
-2
-7
0
-1
1
-2
-6
-7
-1
-7
-12
-10
1
-6
-1
-2
-4
-6
-14
-4
-7
-4
-2
-4
-8
-10
-5
1
-3
-6
-10
-2
0
-6
-6
-10
-2
0
-2
-8
-4
-7
-4
-7
-8
-11
-8
-8
-10
-8
-12
-24
-52
-82
-106
-137
-152
-172
-191
-201
-209
-209
-218
-215
-223
-225
-226
-219
-217
-209
-198
-182
-166
-143
-109
-35
4
11
5
3
8
12
14
12
8
10
5
10
7
7
4
7
6
15
5
5
7
7
15
14
3
8
12
7
10
10
15
7
12
7
1
14
13
10
8
6
9
4
7
7
11
16
1
8
7
7
11
7
5
