305
283
272
298
272
236
265
243
229
269
261
240
294
250
269
287
272
290
276
287
283
290
254
272
243
247
207
207
258
240
160
200
210
247
258
236
250
240
240
232
196
170
196
141
152
203
185
163
170
138
214
170
178
145
156
152
149
98
603
2873
6586
9990
11805
11754
10430
8546
6768
5335
4473
4175
4316
4629
4724
4767
4666
4477
4240
3989
3713
3425
3156
2894
2520
2182
1818
1411
974
341
-76
-203
-236
-290
-294
-280
-338
-309
-290
-269
-316
-236
-240
-218
-250
-283
-250
-236
-229
-269
-305
-261
-316
-309
-316
-316
-294
-367
-265
-305
-272
-334
-294
-229
-276
-261
-323
-240
-247
-247
-290
-269
-243
-290
-298
-320
-298
-305
-334
-309
-367
-312
-367
-316
-323
-290
-283
-298
-276
-316
-254
-240
-247
-214
-261
-269
-305
-276
-290
-305
-323
-283
-283
-280
-301
-312
-283
-298
-250
-261
-243
-170
-207
-207
-229
-243
-225
-221
-192
-181
-174
-207
-207
-185
-178
-145
-229
-185
-167
-152
-138
-174
-181
-145
-149
-120
-112
-145
-116
-105
-840
-3509
-7233
-10445
-12016
-11928
-10663
-8844
-7048
-5517
-4502
-4215
-4324
-4509
-4655
-4724
-4622
-4429
-4273
-4058
-3811
-3444
-3229
-2873
-2556
-2207
-1847
-1418
-876
-181
105
192
232
240
250
287
294
305
298
323
258
258
283
218
240
225
210
254
229
221
330
316
294
272
309
287
254
258
272
287
312
247
221
250
254
254
309
309
258
243
305
280
247
290
305
312
312
323
287
305
349
334
