349
330
305
316
320
312
294
341
301
338
330
334
389
338
280
330
363
341
316
327
323
312
283
290
320
312
269
290
269
272
261
276
301
283
258
236
225
258
261
272
258
210
236
203
229
221
196
178
192
181
185
181
156
123
207
1360
5222
10554
14318
14969
13474
11299
9495
8215
7233
6415
5578
5040
4717
4506
4447
4557
4589
4611
4517
4291
4055
3829
3513
3236
2880
2560
2225
1822
1291
585
-58
-163
-225
-298
-294
-316
-254
-294
-301
-320
-330
-283
-298
-269
-280
-250
-254
-276
-294
-320
-290
-305
-330
-323
-312
-305
-280
-261
-338
-247
-316
-269
-280
-272
-309
-276
-290
-283
-298
-243
-210
-265
-316
-305
-374
-316
-294
-356
-330
-345
-301
-360
-356
-341
-374
-309
-290
-236
-298
-247
-290
-276
-250
-341
-294
-290
-298
-356
-258
-301
-338
-290
-294
-287
-250
-250
-250
-280
-280
-240
-185
-247
-207
-192
-196
-196
-196
-218
-221
-218
-178
-243
-174
-221
-174
-152
-149
-167
-207
-145
-192
-189
-149
-141
-156
-149
-116
-134
-276
-2185
-6866
-12038
-15307
-15576
-13601
-10863
-8721
-7459
-6782
-6251
-5691
-5149
-4818
-4622
-4600
-4640
-4727
-4680
-4666
-4429
-4149
-3804
-3396
-3036
-2698
-2371
-1985
-1560
-1032
-236
174
236
272
301
345
363
360
370
363
341
330
283
287
243
247
225
258
298
323
330
294
305
294
330
323
323
330
320
283
298
309
298
301
367
316
305
330
338
290
320
330
363
341
327
360
370
378
421
414
381
367
345
345
352
