338
327
294
309
261
290
276
287
283
323
261
280
309
207
269
280
272
247
229
287
276
312
229
265
250
247
225
240
225
210
254
232
160
225
196
192
214
240
225
250
218
229
192
207
174
160
189
207
156
181
156
145
174
167
94
127
156
821
3796
8368
11747
12754
12110
10790
9601
8572
7648
6619
5706
5106
4666
4589
4513
4600
4557
4506
4353
4193
3851
3513
3131
2709
2334
2091
1800
1414
927
287
-185
-214
-305
-280
-316
-334
-334
-316
-320
-341
-301
-261
-203
-269
-269
-280
-276
-283
-287
-287
-349
-367
-320
-312
-298
-341
-316
-298
-309
-298
-345
-305
-338
-250
-280
-261
-280
-287
-280
-280
-258
-298
-283
-305
-298
-341
-370
-298
-356
-330
-381
-323
-316
-323
-301
-301
-276
-269
-305
-272
-283
-283
-272
-287
-327
-301
-276
-287
-338
-283
-265
-312
-261
-287
-283
-290
-221
-283
-229
-240
-254
-236
-243
-258
-232
-225
-225
-229
-214
-236
-207
-232
-174
-207
-200
-185
-200
-178
-174
-207
-221
-207
-167
-189
-192
-174
-145
-440
-2713
-7375
-11939
-14740
-15144
-13478
-10736
-8295
-6800
-6029
-5648
-5440
-5175
-4917
-4662
-4477
-4455
-4462
-4473
-4360
-4189
-3975
-3636
-3269
-2865
-2469
-2171
-1749
-1320
-716
-29
185
250
312
349
345
360
352
345
312
323
305
334
276
287
294
280
265
301
327
345
323
323
356
309
330
312
305
338
272
312
330
301
294
280
254
280
287
316
320
309
330
301
280
287
320
363
360
341
352
410
363
363
341
