334
352
276
200
283
247
261
312
316
258
323
320
312
316
301
247
254
243
243
269
258
243
221
247
290
243
294
254
203
214
229
225
178
192
236
207
203
163
174
232
178
218
200
167
210
250
189
123
192
185
189
192
196
181
123
327
2403
7539
12958
16042
15907
12758
8783
6019
4691
4415
4437
4382
4200
3876
3665
3622
3629
3720
3720
3673
3473
3160
2814
2436
2127
1905
1672
1356
752
83
-210
-196
-247
-261
-265
-254
-301
-280
-254
-210
-214
-247
-203
-272
-265
-236
-189
-160
-225
-218
-283
-327
-360
-389
-389
-385
-283
-323
-261
-250
-225
-163
-200
-240
-265
-276
-305
-236
-287
-283
-283
-280
-290
-258
-265
-298
-305
-309
-323
-305
-363
-345
-341
-294
-338
-338
-258
-298
-269
-290
-269
-240
-250
-283
-265
-258
-301
-250
-276
-272
-276
-276
-243
-287
-294
-232
-225
-250
-254
-221
-225
-203
-196
-207
-240
-218
-218
-185
-196
-181
-203
-192
-163
-192
-192
-181
-189
-174
-170
-203
-185
-167
-229
-152
-181
-101
-163
-109
-149
-476
-3156
-8855
-14238
-16962
-15980
-12263
-8513
-6044
-4946
-4655
-4440
-4178
-3880
-3647
-3549
-3567
-3582
-3658
-3665
-3578
-3342
-3094
-2811
-2509
-2291
-1978
-1687
-1269
-563
65
207
276
258
301
287
232
210
280
301
312
276
232
178
265
229
210
189
269
214
243
269
338
378
403
385
400
349
327
323
287
265
258
225
272
261
283
294
283
327
363
272
294
276
272
305
298
305
330
301
345
338
356
349
381
