272
283
305
305
243
243
229
240
250
283
265
250
247
254
240
210
261
247
276
265
229
210
243
261
276
247
250
210
214
214
196
185
189
185
145
192
163
192
214
218
214
152
167
149
156
178
127
116
145
134
90
123
80
141
120
134
625
3000
7084
10376
11448
10696
9288
8030
7077
6299
5637
5077
4644
4429
4258
4244
4306
4244
4160
4015
3847
3567
3265
2927
2582
2305
2036
1647
1138
556
-7
-207
-243
-218
-316
-287
-341
-305
-327
-294
-287
-272
-287
-316
-294
-265
-258
-283
-323
-290
-334
-316
-352
-327
-323
-309
-283
-316
-280
-349
-294
-294
-287
-261
-309
-243
-283
-258
-232
-305
-276
-309
-276
-320
-269
-283
-356
-287
-349
-330
-356
-349
-352
-330
-341
-301
-305
-290
-320
-330
-269
-290
-294
-243
-250
-258
-316
-301
-287
-298
-305
-341
-280
-294
-309
-298
-287
-272
-316
-272
-283
-243
-261
-232
-265
-287
-214
-203
-225
-225
-254
-229
-236
-225
-261
-236
-207
-200
-181
-229
-185
-178
-163
-134
-185
-127
-127
-134
-116
-141
-538
-2753
-6124
-8914
-10372
-10677
-10161
-9223
-8153
-6924
-5931
-5197
-4757
-4418
-4211
-4207
-4142
-4116
-4051
-3913
-3826
-3640
-3309
-3047
-2742
-2403
-2029
-1618
-1131
-454
43
156
189
229
283
294
276
261
309
276
243
225
178
247
210
254
229
214
312
276
312
287
254
334
283
254
294
250
269
287
240
298
250
283
276
214
225
232
258
247
276
258
269
341
301
312
352
305
287
316
301
360
316
316
