298
301
290
283
290
269
280
312
265
258
265
298
207
221
323
309
229
294
258
232
283
290
258
254
236
250
254
181
160
145
225
200
203
185
196
160
218
214
196
218
221
149
127
127
149
145
174
141
87
145
138
112
149
109
112
189
1051
4280
8481
11234
11710
10739
9343
8088
7041
6164
5386
4873
4600
4440
4393
4400
4458
4418
4338
4167
3993
3705
3495
3178
2825
2469
2047
1592
1116
563
10
-160
-229
-261
-294
-320
-309
-312
-261
-327
-294
-287
-272
-243
-269
-236
-250
-240
-265
-298
-316
-334
-305
-338
-330
-312
-276
-334
-316
-298
-316
-280
-269
-269
-294
-240
-247
-338
-269
-258
-294
-301
-280
-265
-323
-345
-367
-309
-330
-301
-374
-327
-309
-316
-276
-320
-305
-301
-290
-258
-283
-327
-287
-316
-276
-276
-261
-232
-254
-305
-254
-269
-327
-269
-316
-290
-305
-232
-261
-280
-287
-225
-181
-200
-203
-192
-243
-203
-236
-200
-261
-225
-243
-207
-192
-181
-156
-174
-196
-156
-207
-196
-196
-167
-181
-149
-145
-178
-101
-200
-1014
-4229
-8546
-11332
-11714
-10790
-9419
-8183
-7117
-6255
-5513
-4993
-4727
-4564
-4469
-4517
-4578
-4597
-4509
-4320
-4113
-3826
-3436
-3124
-2760
-2451
-2102
-1669
-1174
-552
18
145
236
272
280
352
363
367
316
349
280
305
261
221
203
203
265
225
258
301
280
269
254
269
323
341
287
316
305
316
276
283
312
290
240
250
236
298
309
276
290
298
327
327
312
345
363
338
334
349
312
301
363
323
