23
30
35
44
45
48
71
70
66
72
75
83
90
97
94
103
118
116
118
127
137
140
150
154
157
167
173
178
172
185
181
183
193
190
195
197
200
209
205
211
218
215
213
220
225
231
224
231
232
233
237
245
249
248
254
247
245
254
252
254
258
260
263
261
261
258
262
265
264
261
271
266
274
272
269
268
262
259
260
262
262
262
259
251
260
261
258
257
249
243
246
247
245
237
232
239
230
227
220
223
224
216
203
204
199
199
204
192
195
192
176
171
171
167
169
152
144
138
125
122
126
117
105
103
100
86
83
65
61
60
51
37
34
24
19
9
2
2
-7
-13
-22
-31
-24
-43
-47
-51
-55
-54
-63
-75
-73
-77
-94
-93
-103
-109
-119
-123
-127
-130
-136
-139
-147
-149
-167
-160
-166
-168
-180
-179
-176
-175
-188
-192
-193
-201
-199
-210
-200
-210
-215
-221
-223
-222
-226
-216
-229
-236
-229
-238
-239
-245
-251
-248
-248
-251
-255
-250
-247
-255
-259
-265
-269
-260
-269
-274
-262
-276
-268
-265
-269
-262
-270
-264
-267
-272
-267
-262
-262
-255
-261
-260
-260
-262
-260
-261
-258
-248
-252
-245
-246
-243
-238
-246
-236
-237
-228
-227
-222
-216
-225
-214
-206
-221
-209
-204
-190
-197
-190
-184
-180
-166
-170
-160
-161
-153
-147
-140
-134
-123
-123
-109
-109
-95
-93
-86
-78
-65
-63
-52
-50
-40
-31
-31
-19
-10
0
0
15
18
