10
7
1
5
8
3
3
2
1
10
15
5
8
0
3
7
11
0
3
9
7
8
0
5
6
2
8
5
3
4
-2
3
6
7
13
-1
1
7
0
11
5
1
7
8
7
-1
8
5
0
0
0
2
6
8
-2
-1
13
9
3
4
1
8
4
16
57
89
120
146
167
180
202
211
222
226
226
229
229
243
232
226
221
205
190
172
149
120
70
15
-5
-12
-13
-10
-20
-10
-8
-11
-14
-8
-7
-11
-11
-14
1
-5
-9
-9
-11
-10
-7
-12
0
-12
-8
-15
-15
-5
-15
-10
-6
-10
-5
-6
-9
-7
-3
-1
-11
-6
-4
-2
-10
-7
-9
-8
-8
-3
-9
0
-10
-6
-2
-8
-8
-9
-8
-3
-4
5
-1
-4
-5
-6
-5
-8
-11
-7
-11
-7
-2
-4
-9
-3
-4
-5
2
-2
-4
-3
-8
-5
-4
-6
-5
-15
-9
-11
-5
0
0
0
-7
-7
-5
0
1
-8
-12
-3
-1
-5
-7
-4
-3
-8
-5
-12
-8
-6
-5
-7
-10
-5
-7
-30
-67
-93
-127
-154
-174
-194
-206
-223
-231
-231
-242
-238
-249
-242
-243
-239
-221
-211
-182
-163
-139
-116
-64
-8
12
3
14
12
13
13
12
7
11
14
16
9
9
0
7
12
14
7
8
7
5
8
8
15
7
12
5
0
14
10
4
6
9
3
1
5
11
7
7
2
10
9
10
8
12
8
10
8
12
10
2
1
