6
2
11
7
7
7
2
9
10
5
9
5
12
12
6
4
-2
7
2
-2
12
7
6
7
4
12
-4
3
8
7
14
4
4
4
-1
5
8
8
3
3
9
3
0
2
1
5
5
3
6
0
3
2
4
11
5
1
11
5
2
0
4
10
8
18
48
84
114
141
157
176
193
206
217
232
243
243
251
251
249
242
231
215
195
185
172
149
113
68
3
-5
-4
-17
-4
-8
-10
-3
-12
0
-2
-2
-4
-8
-11
-6
-11
-11
-14
-8
-7
-12
-5
-2
-5
-12
-1
-4
-5
-4
-8
-12
-7
-2
-1
-10
-10
-9
-11
-2
-11
-5
-5
-11
-2
-8
-6
-5
-12
-5
-1
-9
-8
-5
-2
-7
-12
-1
-12
-4
-14
-14
-7
-7
-10
-15
-5
-8
-11
-11
-10
-7
-9
2
-2
-5
-6
-10
-4
-7
-10
-8
-8
-9
-6
-8
3
-7
-15
-14
-11
-4
0
0
-3
-7
-4
-6
-11
-5
-5
-5
-2
-1
-13
-4
-5
-3
-2
-10
-8
-4
-4
-7
-2
-16
-36
-81
-107
-140
-156
-169
-188
-198
-203
-210
-229
-233
-242
-236
-225
-233
-222
-216
-196
-178
-158
-140
-115
-56
-4
10
10
7
2
10
1
7
7
1
5
5
9
2
8
11
5
7
5
11
10
7
6
8
7
1
9
-1
3
9
2
-2
4
4
2
1
9
9
12
7
8
13
10
5
0
12
8
5
3
10
6
8
