28
27
39
42
42
45
46
56
64
71
76
80
85
82
93
104
113
117
121
130
134
139
147
152
156
156
160
174
179
180
185
185
195
190
192
193
195
202
199
208
216
216
222
226
218
223
228
231
229
235
237
248
245
239
237
245
251
252
257
259
265
261
266
267
265
255
264
264
263
265
266
265
261
268
263
266
269
263
263
257
263
258
268
259
258
251
249
250
246
249
246
242
243
243
235
229
228
232
224
222
212
208
209
202
201
200
199
200
198
187
185
173
173
169
165
150
134
140
139
127
114
116
101
96
98
88
81
74
62
53
48
48
43
30
20
6
11
2
-8
-14
-21
-20
-27
-38
-41
-52
-54
-64
-56
-67
-74
-88
-97
-87
-94
-101
-109
-118
-119
-126
-144
-136
-152
-156
-153
-166
-168
-175
-173
-173
-176
-183
-187
-198
-195
-195
-208
-205
-209
-199
-218
-215
-227
-227
-223
-237
-225
-237
-231
-242
-244
-244
-249
-238
-242
-251
-252
-258
-254
-251
-258
-254
-268
-262
-267
-263
-255
-269
-264
-267
-269
-263
-267
-274
-261
-265
-269
-264
-262
-256
-249
-271
-258
-265
-258
-254
-256
-249
-250
-246
-239
-238
-238
-243
-238
-226
-230
-231
-222
-213
-209
-215
-208
-208
-198
-199
-194
-193
-194
-180
-182
-179
-175
-163
-153
-155
-156
-140
-132
-123
-121
-111
-102
-100
-94
-89
-86
-76
-68
-56
-49
-43
-46
-27
-20
-8
-7
-3
6
14
