1
10
4
2
7
6
2
8
9
10
7
11
10
1
7
3
5
8
12
6
8
12
8
11
13
5
-1
3
3
5
4
-1
13
10
10
5
3
9
4
4
5
-7
4
2
0
3
2
10
5
5
0
2
3
8
2
4
7
2
0
1
7
0
10
32
71
114
146
167
179
190
200
212
224
223
230
240
233
232
235
232
226
219
202
187
175
159
124
81
10
-4
-1
-10
-7
-10
-8
-1
-5
-9
-8
-10
-5
-7
-8
-9
-5
-7
-8
-8
-5
-13
-11
-2
-8
-7
-3
-5
-1
-5
-16
-4
-4
-3
-7
-11
-12
-10
-9
-8
-13
-16
-11
-1
-2
-10
-9
-4
-12
-10
-7
-10
-10
-7
0
-5
0
-5
-4
-7
-10
0
-7
-3
-8
-8
-2
-1
-5
-9
-5
-9
-4
-1
0
-7
-10
-1
2
-2
-9
-3
-6
-1
-8
-2
0
4
2
0
-9
-5
-8
0
-11
-9
-6
-7
-4
-4
0
-7
-12
7
-5
-8
-7
-10
-6
-7
-3
0
-6
-9
-27
-60
-103
-129
-160
-184
-200
-207
-218
-228
-239
-248
-249
-249
-245
-257
-246
-239
-234
-218
-206
-187
-169
-144
-109
-53
-2
10
4
10
12
11
10
5
3
2
6
12
12
8
10
12
5
4
8
8
7
6
12
10
-2
7
17
11
10
15
1
8
1
3
10
2
18
12
7
7
4
11
8
4
2
5
0
4
0
0
1
4
