301
287
327
301
301
305
276
276
301
243
312
323
305
298
283
312
261
309
309
265
294
276
210
272
294
276
294
250
258
232
261
225
200
265
221
210
229
196
207
218
247
236
196
141
167
170
160
185
76
134
120
174
120
123
149
141
167
407
1963
5273
8724
11016
11630
10870
9186
7390
6000
5168
4757
4517
4444
4415
4386
4313
4280
4244
4116
3898
3615
3324
2971
2618
2320
1993
1632
1181
618
32
-149
-174
-200
-280
-272
-287
-305
-312
-338
-276
-247
-272
-265
-203
-225
-254
-210
-254
-240
-272
-261
-265
-269
-261
-301
-276
-305
-261
-283
-320
-301
-265
-240
-283
-243
-272
-250
-265
-254
-232
-261
-229
-320
-316
-330
-309
-345
-370
-327
-294
-283
-323
-345
-309
-301
-280
-265
-283
-272
-240
-265
-258
-280
-269
-221
-254
-290
-272
-305
-261
-309
-243
-261
-261
-258
-294
-247
-200
-214
-240
-196
-229
-247
-185
-210
-196
-203
-170
-218
-218
-178
-207
-196
-156
-152
-192
-218
-145
-170
-156
-152
-156
-127
-170
-130
-120
-127
-65
-123
-665
-2985
-6793
-10066
-11612
-11456
-10026
-8121
-6342
-5222
-4738
-4549
-4480
-4447
-4473
-4437
-4422
-4306
-4138
-3913
-3691
-3418
-3167
-2884
-2509
-2094
-1789
-1378
-956
-341
58
196
214
272
301
320
323
269
287
298
265
269
290
240
261
261
254
203
225
330
338
309
309
265
287
323
290
218
240
250
294
320
298
323
301
312
294
265
272
312
225
247
323
312
338
341
320
330
338
323
309
349
320
