7
4
0
9
5
2
1
-2
4
11
11
1
5
0
11
7
6
5
5
4
1
8
10
1
3
7
14
8
8
5
0
-4
1
5
10
10
7
4
1
8
8
6
1
1
9
14
2
5
4
5
7
5
10
2
6
5
0
5
-1
6
10
10
12
30
50
82
110
134
156
171
185
202
208
221
226
232
235
235
246
231
221
219
206
175
168
147
126
78
20
2
-12
-11
-10
-10
-2
-5
-5
-13
-6
-6
-6
-2
-2
-6
-6
-11
-14
-7
-21
-8
-10
-10
-12
-5
-4
-5
-4
-7
-11
-9
-10
-5
-7
6
-7
-8
-8
-11
-14
-11
-12
-11
-10
-11
-13
-10
-13
-4
-7
-7
-15
-11
-14
-12
-8
-9
-7
-17
-11
-14
-11
-8
-9
-4
-10
-4
-12
-7
-2
-8
-4
-2
-4
0
-5
-4
-8
-1
-7
-12
-2
-2
-10
-7
-8
-7
-1
-8
-5
-17
-7
-11
-6
-7
0
-9
-7
-4
-4
-11
-4
-5
-1
-2
-10
-11
-6
-6
-6
-10
-2
2
-2
-19
-46
-67
-110
-127
-153
-168
-183
-195
-212
-220
-236
-242
-237
-246
-236
-238
-231
-219
-217
-188
-171
-152
-122
-78
-17
10
4
10
8
14
5
2
9
9
2
2
5
3
9
10
7
2
8
11
8
10
4
3
2
5
8
5
7
4
5
8
8
2
7
7
10
5
4
7
6
10
7
3
5
8
4
14
15
11
5
2
