338
312
276
290
312
290
276
298
294
320
301
261
236
276
280
269
261
345
298
301
309
301
290
250
320
269
272
247
243
232
287
250
225
214
261
221
210
261
243
269
221
207
258
218
207
221
192
170
141
156
90
138
149
141
123
709
3720
8924
13420
15558
15271
13492
11041
8521
6408
5117
4622
4506
4647
4764
4742
4742
4804
4720
4633
4397
4116
3866
3636
3305
2956
2625
2291
1854
1374
800
101
-145
-225
-229
-316
-327
-301
-345
-312
-316
-287
-327
-280
-290
-247
-200
-294
-269
-287
-290
-280
-327
-320
-356
-301
-334
-323
-312
-305
-334
-341
-250
-290
-269
-301
-312
-261
-345
-294
-294
-309
-276
-320
-290
-334
-280
-367
-341
-327
-345
-320
-345
-327
-345
-320
-352
-283
-247
-272
-330
-305
-258
-294
-283
-254
-269
-272
-254
-287
-330
-294
-312
-320
-334
-301
-247
-298
-283
-280
-265
-225
-254
-258
-258
-250
-236
-265
-250
-200
-236
-210
-218
-214
-269
-200
-192
-178
-189
-178
-181
-181
-138
-145
-207
-203
-156
-101
-130
-203
-1305
-4986
-10143
-14031
-15198
-13838
-11405
-9394
-7968
-7131
-6430
-5848
-5346
-4946
-4597
-4462
-4458
-4538
-4637
-4626
-4429
-4196
-3909
-3531
-3109
-2767
-2520
-2167
-1771
-1396
-760
-69
200
280
247
341
301
349
334
341
316
323
269
287
261
250
254
200
261
258
287
320
356
301
341
327
334
287
305
327
327
330
243
272
294
294
283
360
301
294
280
309
283
301
320
312
327
309
338
400
381
421
421
349
327
