6
7
0
5
8
11
11
11
4
12
8
9
9
5
9
1
1
5
0
5
12
9
5
2
10
4
2
2
1
15
13
5
7
3
1
2
2
10
5
11
0
-5
1
5
9
3
11
8
10
4
8
0
10
7
4
7
7
4
4
4
1
18
66
107
135
156
172
190
196
210
212
219
221
231
242
239
248
242
229
222
214
198
182
159
136
100
31
-3
-10
-6
-11
-18
-8
-5
-3
-7
3
-7
-5
-2
-2
-9
-12
-11
-10
-11
-8
-10
4
2
-5
-4
-7
-5
-8
-4
-7
-7
-15
-12
-5
-2
-2
-2
-9
-10
-4
-1
-8
-7
-8
-7
-2
-6
-10
-14
-8
-4
-12
-6
-7
-5
-7
-10
-6
-13
-11
-4
-8
-4
-7
2
0
-2
-1
-15
-9
-15
-7
-5
0
-1
-4
-2
-8
-6
0
-10
-8
-6
-4
-1
-2
0
-4
-8
-2
-9
-7
-3
-3
-4
-8
-1
6
0
1
-5
-5
-2
-8
-3
-8
-6
-7
-5
-1
-8
-3
-8
-17
-58
-98
-130
-170
-190
-207
-217
-219
-239
-236
-241
-243
-252
-256
-259
-258
-252
-235
-223
-216
-198
-175
-153
-121
-87
-11
10
7
10
14
4
4
15
4
0
9
5
12
14
11
14
11
9
14
8
12
7
0
4
1
12
8
9
12
5
8
11
0
10
7
13
5
8
7
-1
2
3
7
9
2
5
11
7
10
7
14
18
2
12
