15
0
9
5
2
0
8
7
8
11
6
7
6
2
4
12
5
7
4
10
5
5
4
6
5
3
1
7
11
11
2
7
4
2
-2
0
0
1
0
-2
7
5
8
-1
2
1
4
-1
6
1
1
5
0
7
1
6
9
1
10
1
3
4
3
8
28
70
96
112
132
155
173
189
199
218
228
228
232
226
222
229
222
211
198
185
167
140
96
25
-8
0
-1
-5
-7
-7
-4
-12
-7
-8
-11
-8
-8
-5
-13
-12
-5
-2
-1
-7
-10
-4
-13
-3
0
0
-4
-11
-8
0
-9
-5
-4
-5
-7
-2
-5
-10
-5
-4
-4
2
-5
-1
-8
-9
-2
-1
2
-7
-1
-2
-9
-3
-7
0
-6
-4
-2
-1
-9
-1
-2
-4
-4
-5
-4
-10
2
-5
-2
-4
-7
-6
-8
-10
-4
-5
-5
-11
-9
0
-2
-3
0
-5
-1
-9
-9
-8
-8
-3
-4
-1
-6
0
3
-4
4
-7
-8
-4
-4
1
-8
0
-2
-10
0
-5
-3
-5
-12
-8
-26
-53
-86
-101
-129
-142
-163
-183
-208
-213
-221
-233
-232
-230
-233
-242
-224
-221
-219
-209
-196
-169
-157
-123
-72
-10
7
5
8
0
4
8
12
11
8
4
11
15
7
11
16
5
2
10
8
17
9
2
9
6
8
14
11
11
2
10
10
8
12
5
7
7
0
11
8
8
8
7
8
6
6
11
4
8
8
9
11
6
