19
24
34
39
43
45
58
48
60
71
74
77
83
81
96
109
114
112
123
119
139
139
147
146
147
162
169
167
168
177
182
181
191
188
195
193
197
201
203
207
211
217
213
224
223
226
231
232
239
236
237
237
242
241
251
253
250
258
255
256
258
260
277
272
269
268
273
272
266
272
269
279
273
272
272
274
274
270
273
269
279
272
258
263
261
265
256
260
262
256
258
254
246
251
243
245
246
241
236
231
233
235
218
219
214
218
210
200
203
193
183
186
176
170
166
159
152
142
143
133
129
120
115
109
101
89
88
78
74
58
50
41
41
34
20
18
5
-4
0
-10
-20
-25
-35
-40
-57
-53
-63
-64
-67
-78
-82
-86
-83
-99
-99
-110
-108
-119
-118
-128
-129
-139
-141
-151
-157
-160
-169
-168
-174
-183
-188
-182
-188
-193
-206
-202
-210
-208
-211
-210
-212
-216
-218
-227
-232
-229
-239
-241
-250
-240
-241
-246
-240
-250
-247
-248
-260
-254
-263
-265
-261
-272
-262
-268
-274
-266
-276
-276
-274
-275
-274
-267
-278
-278
-278
-266
-272
-275
-270
-279
-267
-260
-274
-267
-265
-271
-258
-262
-262
-258
-261
-253
-252
-249
-238
-244
-241
-234
-238
-231
-230
-226
-222
-218
-208
-208
-203
-199
-195
-193
-186
-175
-181
-172
-170
-161
-150
-145
-143
-133
-121
-121
-112
-104
-92
-84
-80
-70
-62
-57
-55
-40
-41
-31
-25
-17
-4
-4
6
13
