320
341
323
316
240
258
276
247
225
250
214
243
272
221
250
276
240
301
305
261
229
258
265
225
272
283
243
254
229
196
207
218
174
170
192
170
170
163
203
192
214
229
174
156
174
160
181
112
149
192
145
181
127
167
127
101
101
203
1258
4669
8895
11827
12870
12034
10059
7826
6073
5040
4589
4458
4400
4444
4458
4440
4440
4255
4146
3971
3771
3571
3211
2909
2585
2258
1949
1469
967
341
-127
-163
-269
-276
-298
-276
-316
-323
-250
-276
-283
-290
-250
-258
-272
-236
-258
-276
-290
-309
-316
-345
-316
-320
-316
-320
-276
-330
-349
-316
-327
-327
-327
-265
-327
-298
-287
-312
-290
-290
-261
-261
-334
-312
-370
-345
-349
-360
-389
-349
-363
-396
-392
-352
-334
-360
-309
-323
-320
-294
-330
-316
-316
-287
-290
-283
-316
-352
-301
-261
-312
-294
-272
-305
-290
-305
-280
-298
-298
-236
-283
-250
-290
-261
-218
-232
-196
-225
-261
-269
-250
-221
-250
-203
-170
-156
-200
-221
-192
-236
-207
-196
-203
-152
-181
-123
-152
-163
-160
-265
-1294
-4578
-8601
-11383
-12361
-11750
-10066
-7910
-5997
-4782
-4331
-4309
-4411
-4527
-4582
-4531
-4549
-4433
-4233
-4091
-3855
-3513
-3178
-2873
-2520
-2222
-1880
-1487
-1003
-389
61
243
232
225
229
229
290
283
272
287
221
240
210
214
250
236
243
290
254
320
276
236
280
290
254
294
323
269
280
236
250
258
218
254
258
276
258
229
272
276
225
261
254
290
298
294
280
323
298
305
298
298
