330
280
265
276
243
243
287
250
290
265
283
269
265
269
327
276
320
345
283
272
243
214
265
258
258
254
236
247
243
225
247
232
203
250
214
203
196
174
218
200
225
141
167
181
170
120
210
152
149
116
138
127
149
87
72
101
141
676
3051
6797
10085
11899
12187
11288
9503
7393
5597
4527
4200
4356
4644
4826
4884
4753
4549
4226
3916
3596
3313
3007
2734
2440
2094
1760
1356
923
229
-178
-192
-294
-254
-287
-287
-305
-323
-338
-323
-290
-276
-225
-272
-185
-200
-221
-229
-258
-312
-305
-327
-280
-309
-276
-247
-334
-290
-272
-214
-301
-258
-265
-243
-283
-272
-265
-330
-294
-290
-276
-298
-280
-316
-334
-323
-316
-276
-320
-374
-341
-345
-269
-334
-305
-360
-287
-320
-309
-330
-316
-283
-309
-276
-283
-290
-261
-294
-312
-334
-320
-287
-280
-276
-265
-269
-298
-218
-261
-290
-254
-236
-240
-280
-232
-240
-240
-210
-225
-218
-218
-218
-229
-210
-214
-170
-160
-152
-141
-181
-181
-174
-149
-130
-174
-94
-138
-156
-116
-345
-1960
-5589
-9528
-12179
-13034
-12343
-10481
-8168
-6364
-5284
-4873
-4818
-4884
-4735
-4658
-4549
-4393
-4222
-4011
-3753
-3491
-3204
-2880
-2531
-2222
-1971
-1592
-1149
-563
-25
232
210
200
280
272
309
367
301
301
240
221
214
269
265
276
203
276
254
254
327
290
345
330
316
316
276
247
323
250
250
250
272
265
247
287
280
301
272
269
280
287
280
309
276
287
312
338
345
345
392
370
352
320
