323
338
330
316
294
290
305
341
301
301
316
363
316
320
287
276
334
305
327
334
287
272
290
240
334
276
269
290
265
280
258
243
283
269
229
207
203
178
232
243
232
269
214
214
178
163
232
243
196
200
207
192
134
156
156
327
2113
6313
10696
13340
14154
13481
11703
9488
7371
5684
4724
4371
4360
4509
4535
4553
4513
4524
4466
4382
4186
3869
3495
3091
2742
2447
2109
1702
1302
734
87
-127
-225
-229
-298
-301
-316
-330
-309
-349
-283
-283
-269
-225
-254
-210
-203
-243
-243
-236
-283
-330
-287
-345
-280
-280
-247
-298
-330
-269
-320
-276
-280
-294
-250
-258
-261
-269
-200
-261
-276
-272
-265
-290
-360
-276
-290
-330
-316
-323
-349
-378
-374
-330
-320
-341
-316
-320
-363
-294
-272
-265
-280
-287
-229
-261
-229
-298
-250
-261
-272
-294
-283
-254
-287
-269
-298
-283
-265
-265
-214
-283
-250
-243
-203
-243
-236
-192
-203
-134
-232
-192
-229
-200
-181
-229
-185
-189
-141
-112
-156
-145
-189
-160
-160
-178
-123
-156
-127
-138
-243
-1385
-4458
-8102
-10648
-11583
-11139
-9670
-7768
-6073
-5015
-4495
-4346
-4393
-4407
-4353
-4258
-4193
-4156
-4044
-3913
-3651
-3418
-3127
-2796
-2418
-2109
-1727
-1276
-596
-10
160
218
243
309
294
323
290
298
312
298
225
243
229
192
207
229
254
280
232
294
283
276
323
298
301
250
240
272
305
250
240
265
218
316
261
272
272
232
232
243
269
298
305
298
276
225
258
276
309
338
316
265
301
