11
11
9
10
10
5
4
-2
10
10
8
4
7
9
4
0
4
-1
3
5
3
4
7
6
7
9
12
2
3
8
1
2
8
3
11
2
5
4
-2
5
6
10
8
0
2
4
5
1
-1
9
10
1
12
10
11
6
7
1
4
10
7
17
70
121
162
193
203
220
222
238
238
248
249
254
258
259
258
251
254
245
228
213
199
180
159
143
97
33
-2
-12
-5
-8
-14
-6
-11
-8
-11
-12
-6
-10
-3
-10
-14
-11
-7
-10
-14
-7
-11
-14
-5
-6
-7
-10
-10
-11
-10
-6
-7
-14
-7
-8
-16
-11
-10
-6
-14
-14
-12
-10
-4
-5
-4
-10
-7
-5
-11
-8
-7
-8
-2
-5
-5
-11
-7
-6
-12
-6
-10
-5
-8
-1
-1
-5
-2
-1
-8
-5
-7
-5
2
-5
-3
-11
-17
-9
-10
0
-4
-8
-8
-1
0
-5
-17
-11
-7
-1
-9
-4
-4
-7
-5
-6
1
-7
-8
0
-1
-1
-3
-2
-2
-16
-8
-8
-6
-5
-3
0
-6
-14
-51
-108
-133
-166
-179
-206
-222
-221
-235
-240
-245
-251
-245
-259
-249
-245
-239
-242
-233
-213
-206
-185
-161
-145
-86
-28
4
12
7
14
13
6
10
8
6
5
1
4
2
5
12
8
12
14
7
10
8
6
2
10
12
11
12
16
9
3
0
0
8
5
8
0
11
20
4
10
5
16
13
5
6
8
8
11
5
10
2
4
