10
12
8
6
6
5
8
4
8
12
8
2
0
8
4
0
8
5
1
5
2
12
10
6
12
2
11
1
2
10
2
1
11
8
7
8
8
11
1
-1
6
11
1
2
5
2
5
0
0
4
2
3
5
2
5
-1
4
15
0
-1
4
43
70
96
121
136
158
168
182
192
209
219
227
236
244
245
246
241
231
229
209
199
179
157
145
101
31
-8
-12
-7
-8
-5
-8
-8
-13
-11
-4
-5
-4
-12
-10
-4
-13
-14
-8
0
-1
2
-3
-2
-11
-6
-5
-1
-10
-5
-4
-6
-8
-9
-12
-5
-16
-7
-11
-12
-2
0
-2
-2
0
-2
-7
2
-7
-12
-10
-7
0
-7
-3
-6
-10
-1
-3
-5
-10
-6
-10
-4
-2
-12
-5
2
-5
-11
-4
-10
-4
-4
0
-1
-4
-4
-6
-2
-3
-11
-5
-13
-5
-2
-5
-7
-3
-7
-7
-6
-5
-12
-11
-11
-4
-5
0
1
-7
0
-1
-5
0
-4
0
-7
-14
-4
-8
-14
-7
-8
-7
-40
-84
-125
-142
-163
-191
-193
-196
-206
-200
-218
-221
-225
-229
-230
-231
-229
-225
-223
-202
-194
-171
-162
-125
-67
-7
1
6
9
14
5
5
7
1
10
8
5
6
15
6
9
2
7
7
4
14
6
5
15
16
18
8
7
15
3
0
1
4
12
7
4
12
9
12
9
10
7
4
7
12
2
6
8
1
9
8
2
0
6
