280
305
258
229
272
261
247
258
283
258
283
254
269
290
301
287
261
280
258
280
327
309
265
258
232
221
189
196
232
225
225
225
196
221
167
196
258
225
170
203
189
178
134
181
170
152
174
145
127
185
167
149
145
80
90
76
152
825
3495
7441
10652
12187
11838
10237
8219
6560
5466
5015
4815
4749
4677
4571
4473
4364
4276
4076
3836
3564
3316
2916
2633
2294
1945
1658
1232
712
127
-130
-192
-225
-261
-341
-283
-294
-352
-309
-334
-243
-243
-214
-250
-192
-192
-236
-265
-320
-298
-320
-316
-338
-261
-247
-276
-298
-327
-283
-320
-287
-250
-221
-232
-294
-276
-229
-207
-225
-290
-290
-272
-243
-261
-349
-290
-389
-298
-356
-330
-298
-305
-334
-345
-323
-349
-261
-294
-283
-330
-290
-280
-305
-265
-305
-261
-309
-280
-290
-298
-254
-316
-283
-276
-261
-243
-283
-280
-265
-272
-243
-225
-236
-189
-181
-203
-210
-210
-280
-221
-196
-178
-221
-192
-185
-210
-123
-163
-101
-130
-200
-138
-174
-160
-149
-127
-109
-138
-141
-167
-1189
-4036
-7233
-9492
-10485
-10681
-10223
-9354
-8121
-6848
-5680
-4924
-4531
-4360
-4316
-4371
-4306
-4280
-4109
-3866
-3582
-3236
-2862
-2574
-2240
-1934
-1538
-1109
-505
-47
170
243
265
316
254
320
280
243
269
272
250
269
210
218
214
269
301
290
258
341
280
301
323
316
280
276
349
280
250
261
269
236
254
225
232
283
250
301
272
250
290
298
243
225
283
298
312
367
334
352
345
352
378
