-37511
-36327
-34944
-33408
-31746
-29963
-28108
-26223
-24292
-22339
-20269
-18261
-16083
-13821
-11570
-9178
-6887
-4563
-2319
-72
2142
4295
6368
8379
10383
12293
14170
15934
17662
19314
20854
22313
23751
25109
26405
27756
29044
30246
31510
32606
33728
34853
35946
37097
38302
39522
40782
42107
43458
44718
45952
47136
48287
49365
50425
51373
52298
53199
54048
54829
55519
56194
56848
57360
57846
58256
58579
58819
58979
59040
59037
58942
58732
58478
58093
57617
57131
56477
55755
54916
54077
53046
52062
50922
49764
48483
47281
45912
44514
43004
41421
39802
38070
36411
34781
33100
31415
29720
28042
26311
24568
22803
20944
19111
17256
15357
13440
11585
9715
8136
7675
8913
10960
12892
14504
16130
17949
20040
22117
24125
26064
28086
29938
31680
33336
34806
36030
36952
37758
38324
38676
38822
38872
38782
38557
38226
37791
37231
36451
35612
34527
33321
31887
30348
28689
26939
25105
23188
21279
19365
17310
15204
13153
10982
8782
6531
4273
2134
47
-2054
-4124
-6150
-8049
-9911
-11741
-13542
-15237
-16831
-18439
-19906
-21311
-22629
-23893
-25141
-26347
-27541
-28790
-29959
-31023
-32058
-33096
-34091
-35122
-36211
-37275
-38440
-39635
-40869
-42082
-43229
-44340
-45455
-46420
-47393
-48334
-49165
-49953
-50657
-51315
-51961
-52513
-53075
-53511
-53870
-54223
-54509
-54749
-54854
-54963
-55011
-54949
-54858
-54658
-54404
-54106
-53725
-53253
-52694
-52026
-51344
-50625
-49746
-48853
-47934
-46951
-45872
-44830
-43759
-42518
-41258
-39929
-38455
-37064
-35648
-34218
-32802
-31350
-29836
-28369
-26757
-25192
-23591
-21947
-20295
-18581
-16835
-15117
-13422
-11755
-10198
-9301
-9813
-11781
-14119
-16098
-17702
-19383
-21609
-23885
-25937
-27824
-29778
-31760
-33619
-35322
-36756
-38059
-39127
-39991
-40644
-41083
-41312
-41428
-41410
-41258
-40993
-40564
-39983
-39283
-38419
