28
42
35
47
51
51
70
76
73
78
81
86
97
105
110
122
119
124
140
135
146
150
150
154
159
167
175
176
189
181
188
193
188
195
205
200
205
210
219
214
219
223
226
222
233
233
227
236
236
235
234
238
251
247
253
254
252
254
256
256
268
265
264
261
266
268
258
259
265
270
255
260
264
258
266
270
264
263
267
264
261
261
256
254
252
245
255
255
250
248
244
245
235
230
232
226
231
227
220
211
216
209
208
204
198
197
192
183
182
176
176
164
158
154
144
136
133
128
126
123
114
105
92
93
85
80
69
66
52
47
38
33
20
9
11
6
-2
-12
-24
-31
-31
-42
-46
-45
-59
-67
-60
-73
-79
-86
-88
-90
-94
-101
-111
-114
-116
-120
-124
-130
-136
-143
-152
-161
-170
-178
-184
-188
-191
-193
-193
-192
-192
-206
-208
-204
-204
-204
-216
-211
-214
-224
-221
-227
-224
-229
-225
-228
-237
-227
-236
-235
-253
-252
-242
-259
-252
-259
-256
-257
-256
-254
-258
-272
-262
-265
-273
-270
-274
-269
-268
-267
-258
-264
-258
-259
-264
-262
-260
-262
-252
-251
-256
-258
-262
-252
-245
-243
-242
-251
-236
-245
-235
-232
-231
-226
-218
-219
-211
-216
-203
-209
-212
-209
-200
-189
-188
-186
-189
-180
-172
-159
-159
-159
-147
-144
-142
-133
-119
-120
-112
-107
-98
-88
-80
-79
-69
-62
-53
-48
-36
-31
-22
-18
-10
-3
11
15
17
