320
334
327
236
309
290
254
287
261
243
240
265
243
247
265
236
247
247
210
218
254
240
240
290
250
243
236
178
236
254
192
243
200
196
160
221
218
203
149
134
145
149
192
167
152
167
141
152
120
141
145
141
203
134
101
112
840
4386
10088
14118
15507
14758
12405
9841
7735
6237
5211
4506
4040
3745
3640
3647
3847
3884
3862
3840
3582
3316
3018
2753
2425
2123
1803
1443
1109
349
-123
-265
-265
-294
-330
-349
-312
-341
-312
-305
-305
-254
-312
-294
-276
-276
-265
-272
-254
-283
-283
-330
-367
-374
-407
-367
-367
-345
-345
-305
-290
-258
-214
-283
-269
-312
-301
-287
-287
-334
-338
-309
-298
-294
-283
-330
-345
-338
-360
-378
-352
-385
-363
-363
-338
-338
-367
-338
-283
-298
-327
-338
-287
-312
-298
-272
-247
-341
-334
-323
-320
-283
-320
-250
-316
-298
-323
-338
-294
-287
-283
-287
-272
-210
-247
-232
-316
-298
-269
-196
-236
-258
-218
-247
-207
-214
-218
-200
-218
-189
-207
-250
-229
-218
-207
-192
-203
-189
-109
-134
-454
-2996
-8368
-13380
-15642
-14332
-11099
-8128
-6339
-5491
-5004
-4571
-4138
-3782
-3571
-3495
-3578
-3629
-3684
-3662
-3505
-3284
-2942
-2614
-2342
-2076
-1782
-1498
-1076
-338
120
189
272
214
243
254
283
243
236
214
214
167
214
254
196
207
203
210
207
221
243
243
261
356
370
360
309
298
265
210
207
247
225
232
236
221
240
301
316
272
247
247
258
236
301
283
298
312
280
298
327
330
290
327
