7
4
5
7
11
1
0
6
2
3
9
5
7
8
1
4
0
6
5
0
11
2
7
2
0
5
1
1
6
2
9
4
6
11
8
4
7
5
8
0
1
5
3
10
6
11
1
7
12
11
5
3
3
8
5
2
7
0
3
1
1
3
5
5
18
56
91
115
137
165
182
192
198
210
219
236
236
241
232
233
226
217
199
184
165
141
97
38
-2
-4
-8
-5
-9
-9
-6
-14
-11
-12
-12
-4
-5
-1
-8
-7
-12
-7
1
-10
-8
-3
-15
-11
-10
-10
-2
-3
-1
-9
-8
-7
-8
-1
-11
-7
-5
-8
-4
-7
0
-4
-9
5
0
-1
-7
-10
-2
-7
-4
-7
-1
5
-4
-10
-4
-11
-5
-3
1
-10
-14
-2
-11
-6
1
-4
1
-7
2
1
-1
-4
-4
-10
-2
2
-5
-8
-4
0
-2
-1
-7
-1
-6
-8
-4
-1
-3
-8
-8
0
-7
-1
-4
-6
-4
-8
-4
-12
-6
0
-7
0
-3
1
-5
-3
4
2
-4
-7
-7
-6
-38
-78
-101
-130
-158
-175
-188
-200
-215
-220
-233
-237
-241
-246
-231
-237
-223
-206
-192
-167
-151
-127
-85
-14
14
6
7
8
14
11
15
18
7
10
7
2
8
13
7
12
7
5
10
12
4
1
10
8
1
13
12
15
6
11
11
13
10
12
0
5
9
9
4
8
14
8
8
7
3
-2
0
6
0
4
7
10
