0
3
4
1
7
5
-1
6
2
4
11
5
7
8
14
8
-1
2
5
8
2
-5
0
0
0
6
0
12
12
-5
4
0
4
11
7
10
8
3
7
-1
7
10
7
5
3
5
5
10
1
6
10
2
3
7
2
7
5
-1
2
0
11
8
-5
9
25
57
84
106
122
139
152
172
199
208
218
230
235
240
228
220
214
204
189
176
148
123
79
17
-8
-8
-9
0
-6
-12
-8
-12
-5
-8
-4
-10
-6
-5
-10
-7
-6
-5
-6
-7
-2
-11
-7
-10
-10
-9
-5
-7
-6
-6
5
-6
-4
-4
-5
-7
-8
-7
-5
-10
-2
-8
-6
1
2
-7
-2
2
-6
-4
0
2
-4
-2
-4
-7
-10
-2
0
-5
0
-1
-9
0
-4
-6
-10
-2
-2
-8
-11
-9
-6
0
-5
2
-4
-2
-4
-11
1
-5
-7
-2
-8
-2
-10
-10
0
-11
-2
-2
-9
-5
-3
-6
-16
-9
0
-14
-5
-9
-5
0
-6
-5
-1
0
-4
-8
-4
-3
-4
-8
-2
-5
-14
-38
-66
-98
-129
-132
-153
-169
-189
-196
-213
-221
-228
-241
-233
-238
-230
-210
-189
-176
-162
-129
-76
-11
4
-1
11
8
8
7
1
10
8
10
12
4
10
8
11
11
10
11
11
6
1
1
4
10
0
12
4
2
8
1
4
2
11
5
2
-1
0
6
8
10
12
1
0
4
7
4
1
0
4
0
0
4
