16
20
28
40
37
43
52
56
54
67
68
79
86
91
90
104
107
105
117
120
128
135
139
147
156
162
165
168
177
178
179
194
185
193
192
189
199
201
205
206
208
216
218
221
221
224
225
228
234
230
229
233
236
239
252
251
250
252
253
249
254
260
264
261
263
261
261
266
267
268
267
264
260
264
269
264
260
263
256
264
262
255
268
258
255
245
254
262
258
256
252
246
240
245
243
242
239
235
232
226
214
219
212
212
205
203
193
199
192
188
182
176
178
175
160
162
152
141
142
123
121
116
107
111
96
83
80
70
61
67
51
44
36
31
24
21
8
-1
-5
-10
-28
-28
-33
-40
-41
-51
-50
-57
-76
-69
-73
-79
-87
-89
-96
-105
-107
-109
-116
-120
-127
-139
-144
-150
-153
-156
-164
-169
-175
-178
-176
-180
-191
-189
-186
-198
-201
-208
-194
-210
-204
-213
-214
-219
-219
-215
-224
-227
-233
-243
-235
-239
-238
-243
-249
-249
-251
-249
-249
-260
-255
-261
-254
-262
-264
-268
-271
-266
-261
-268
-264
-267
-266
-262
-268
-262
-260
-269
-269
-266
-261
-264
-266
-262
-264
-268
-261
-263
-256
-251
-256
-243
-245
-248
-236
-238
-229
-233
-229
-219
-223
-217
-221
-208
-210
-206
-200
-196
-187
-186
-177
-189
-172
-167
-165
-159
-156
-140
-136
-123
-129
-118
-117
-99
-105
-93
-91
-72
-64
-54
-58
-45
-35
-33
-28
-15
-7
0
4
11
