294
323
269
287
254
272
258
269
272
261
287
280
283
305
290
290
320
298
236
254
269
316
269
203
214
218
185
210
210
203
192
247
225
240
261
232
214
247
221
167
192
189
145
185
141
192
178
141
185
130
116
167
134
116
112
98
363
2098
5317
8193
9870
10405
10034
9066
7892
6695
5739
5062
4658
4535
4480
4469
4524
4513
4487
4356
4178
3887
3538
3185
2825
2436
2134
1702
1265
643
14
-192
-247
-258
-316
-287
-330
-301
-316
-276
-240
-294
-207
-243
-236
-240
-254
-254
-272
-312
-316
-287
-294
-341
-345
-345
-309
-305
-309
-294
-309
-283
-323
-254
-301
-283
-320
-261
-254
-254
-261
-276
-283
-290
-294
-294
-341
-352
-334
-272
-341
-385
-374
-330
-305
-316
-316
-283
-240
-287
-276
-312
-334
-272
-287
-294
-247
-254
-243
-269
-254
-312
-290
-283
-298
-298
-229
-232
-229
-170
-214
-229
-229
-229
-232
-243
-196
-232
-225
-236
-181
-218
-247
-207
-218
-149
-145
-174
-156
-210
-156
-189
-214
-127
-105
-138
-138
-141
-163
-156
-480
-2574
-6040
-9284
-11099
-10925
-9372
-7670
-6411
-5724
-5353
-5211
-5080
-4815
-4644
-4495
-4473
-4517
-4429
-4302
-4116
-3811
-3553
-3131
-2782
-2422
-1974
-1596
-1123
-505
18
156
221
272
269
316
305
250
243
236
243
240
240
229
229
258
240
240
250
247
240
283
243
214
280
312
323
316
287
272
258
254
232
276
236
298
218
269
290
218
189
254
210
272
272
320
298
258
305
378
327
298
309
309
