316
639
949
1251
1524
1763
1979
2176
2392
2616
2889
3178
3478
3783
4083
4367
4622
4842
5045
5247
5436
5631
5835
6041
6253
6462
6669
6880
7081
7253
7415
7583
7768
7966
8136
8279
8394
8472
8555
8662
8830
9037
9258
9507
9771
10020
10213
10332
10379
10379
10391
10421
10452
10480
10533
10590
10658
10750
10836
10923
11002
11092
11172
11249
11327
11410
11474
11500
11517
11527
11552
11577
11602
11632
11656
11687
11697
11709
11729
11737
11736
11726
11719
11702
11671
11598
11394
11115
10845
10595
10364
10149
9964
9842
9745
9655
9563
9451
9322
9167
8962
8728
8491
8267
8086
7930
7800
7675
7540
7388
7225
7045
6852
6655
6464
6304
6138
5975
5797
5572
5330
5028
4697
4359
4030
3691
3373
3033
2709
2376
2060
1773
1525
1327
1140
937
700
459
211
-75
-383
-686
-1009
-1311
-1572
-1812
-2020
-2219
-2429
-2673
-2947
-3246
-3543
-3847
-4144
-4422
-4660
-4887
-5098
-5306
-5500
-5703
-5910
-6115
-6321
-6528
-6733
-6937
-7112
-7279
-7439
-7619
-7807
-8000
-8170
-8315
-8428
-8514
-8597
-8713
-8881
-9094
-9338
-9599
-9860
-10093
-10266
-10348
-10383
-10396
-10411
-10433
-10465
-10503
-10550
-10611
-10686
-10783
-10875
-10954
-11038
-11122
-11199
-11275
-11354
-11433
-11481
-11505
-11531
-11549
-11559
-11575
-11593
-11612
-11624
-11637
-11642
-11657
-11671
-11680
-11685
-11678
-11673
-11661
-11640
-11568
-11361
-11070
-10800
-10551
-10306
-10087
-9918
-9800
-9713
-9630
-9531
-9426
-9292
-9127
-8923
-8693
-8453
-8233
-8053
-7909
-7788
-7676
-7543
-7381
-7216
-7029
-6830
-6630
-6440
-6257
-6096
-5938
-5756
-5536
-5280
-4962
-4637
-4291
-3958
-3621
-3300
-2966
-2633
-2298
-1992
-1720
-1485
-1298
-1119
-896
-669
-425
-153
143
