17
16
25
35
35
47
49
52
62
60
64
74
83
81
87
97
96
112
115
120
124
129
142
152
152
162
169
172
176
179
176
182
183
186
196
203
208
205
210
210
202
208
212
215
224
223
229
232
234
235
238
235
236
236
251
248
246
251
253
259
260
261
261
266
269
270
272
265
264
265
271
272
271
264
269
271
270
272
272
264
258
262
268
268
258
258
259
251
250
250
252
241
244
243
235
238
236
226
223
229
227
221
215
211
205
198
196
199
197
195
189
180
176
169
167
159
162
156
144
137
126
123
119
109
102
93
87
74
70
67
61
53
50
34
29
25
13
5
0
-9
-11
-17
-23
-31
-41
-50
-57
-50
-57
-62
-74
-76
-83
-93
-100
-100
-102
-111
-120
-120
-124
-137
-134
-142
-150
-162
-165
-172
-172
-175
-186
-182
-191
-192
-195
-199
-198
-200
-206
-215
-206
-219
-216
-226
-220
-222
-222
-229
-233
-236
-242
-253
-241
-242
-243
-243
-243
-249
-256
-247
-248
-259
-259
-271
-264
-262
-271
-269
-275
-276
-266
-268
-271
-262
-268
-260
-264
-271
-266
-261
-262
-258
-264
-258
-256
-258
-245
-253
-247
-249
-251
-243
-246
-233
-229
-236
-225
-234
-223
-226
-223
-210
-213
-209
-214
-207
-202
-198
-198
-200
-188
-181
-177
-172
-165
-157
-161
-149
-140
-128
-129
-120
-117
-109
-105
-99
-88
-77
-73
-58
-56
-51
-41
-35
-21
-18
-18
-4
2
6
