352
312
290
309
276
261
407
258
243
309
250
247
247
243
280
290
258
290
261
298
265
250
330
294
287
232
243
247
243
196
232
225
221
250
192
192
196
185
240
200
196
174
181
189
160
120
156
149
181
174
185
149
152
152
98
120
389
2509
6582
10546
12896
13245
11925
9714
7361
5728
4978
4749
4731
4717
4622
4440
4266
4135
4076
3935
3753
3527
3251
2938
2647
2269
1905
1505
1054
429
-76
-214
-236
-229
-272
-265
-334
-341
-265
-323
-294
-309
-265
-261
-294
-229
-181
-210
-247
-269
-272
-290
-330
-330
-316
-290
-298
-290
-287
-294
-261
-280
-316
-269
-240
-287
-283
-290
-240
-240
-203
-258
-280
-250
-305
-276
-323
-312
-330
-381
-367
-363
-301
-338
-301
-287
-338
-290
-312
-287
-283
-261
-283
-290
-280
-349
-316
-294
-243
-283
-250
-269
-254
-254
-294
-225
-247
-276
-312
-232
-192
-243
-200
-225
-221
-221
-207
-214
-221
-254
-232
-243
-203
-210
-185
-200
-134
-170
-210
-189
-160
-149
-174
-156
-134
-174
-152
-127
-83
-123
-280
-1782
-5186
-8946
-11190
-11285
-10146
-8884
-7841
-6844
-6008
-5335
-4800
-4415
-4146
-4044
-4007
-3989
-4055
-3880
-3844
-3636
-3415
-3124
-2742
-2465
-2058
-1585
-1105
-407
76
203
200
236
261
290
312
290
301
290
243
225
243
272
210
214
243
240
232
272
280
283
301
309
280
323
290
312
309
272
330
283
269
280
258
276
283
247
305
287
261
232
214
269
294
305
341
334
341
352
330
338
345
316
