320
283
283
309
243
265
261
320
327
280
280
280
312
309
272
261
280
240
247
250
243
232
254
261
203
185
298
272
189
196
236
196
192
221
210
236
207
189
170
109
160
160
170
214
156
203
232
145
200
214
141
170
123
149
127
160
1112
5240
11347
15424
16253
14620
11827
8983
6891
5699
5095
4593
4178
3884
3673
3676
3647
3600
3593
3578
3469
3313
3025
2749
2367
2069
1767
1396
869
58
-207
-229
-261
-261
-312
-301
-327
-352
-290
-327
-276
-272
-254
-247
-305
-243
-247
-272
-272
-236
-200
-309
-338
-414
-403
-425
-414
-381
-345
-323
-298
-265
-305
-261
-250
-254
-301
-280
-272
-323
-305
-312
-280
-312
-320
-298
-283
-323
-414
-360
-363
-327
-330
-349
-320
-345
-330
-301
-265
-294
-345
-323
-330
-265
-309
-338
-312
-301
-323
-327
-330
-349
-298
-309
-305
-312
-298
-254
-287
-261
-272
-254
-229
-236
-272
-240
-210
-232
-221
-196
-250
-210
-261
-214
-232
-225
-207
-178
-196
-196
-200
-181
-210
-185
-192
-200
-214
-174
-178
-265
-1836
-7051
-13365
-17097
-17311
-15242
-12201
-9135
-7033
-5855
-5189
-4691
-4262
-3898
-3640
-3473
-3385
-3364
-3309
-3240
-3156
-2967
-2716
-2443
-2211
-1883
-1582
-1254
-618
-3
178
192
283
276
247
232
258
298
301
243
280
236
280
261
229
221
214
221
225
240
243
272
316
374
378
389
363
341
272
250
269
261
229
243
258
283
287
320
330
301
276
272
243
305
298
316
323
269
276
327
305
309
341
338
