9
10
7
6
0
2
5
8
15
12
5
8
-1
-2
3
8
15
4
8
4
3
6
10
4
4
1
3
2
5
5
4
6
3
4
7
11
10
7
2
14
4
9
8
9
2
3
2
6
6
5
1
8
8
2
10
2
4
8
2
8
-2
-1
8
37
72
100
130
155
168
180
189
205
216
219
242
246
249
250
245
236
221
208
192
175
139
122
63
0
-6
-12
-10
-7
-11
-8
-10
-11
-12
-11
-5
-5
-12
-1
-5
-9
-15
-7
-7
-7
-3
-11
-11
-9
-7
-8
-2
-7
-8
-8
-11
1
-2
-11
-8
-3
-3
7
-2
-7
-4
-8
-5
-15
-6
-3
-5
-7
-14
-12
-8
-13
-9
-10
-5
-4
-4
-4
-12
-12
0
-4
2
-10
-11
-7
-8
-4
-8
0
-6
-2
-8
-7
-10
-7
-7
-7
-5
-2
-5
-2
-1
-4
-7
-4
-11
-11
-12
0
-4
-8
-4
-3
-5
-1
-8
-5
-10
-9
-12
-1
-4
-4
1
-10
-11
-5
-8
-5
-8
-8
-3
-2
-7
-40
-75
-101
-126
-156
-163
-187
-192
-199
-209
-226
-224
-233
-240
-236
-243
-226
-209
-206
-182
-173
-141
-112
-45
0
11
12
7
18
4
1
9
10
8
8
7
6
2
8
7
8
10
1
7
7
8
5
7
5
8
9
9
5
11
10
2
1
6
8
4
4
5
9
7
6
5
3
5
11
10
2
6
7
9
10
6
7
