385
345
320
320
316
327
294
269
283
272
298
312
309
327
280
265
269
258
254
280
280
280
280
301
272
258
258
261
276
225
214
265
214
200
214
221
247
203
221
225
210
203
178
174
185
174
225
200
163
200
156
170
170
156
170
178
123
221
1247
4207
7822
10666
11910
11718
10503
8921
7317
6106
5146
4607
4386
4266
4335
4367
4367
4302
4138
3993
3764
3455
3054
2702
2356
2051
1694
1312
745
72
-160
-200
-290
-254
-272
-258
-320
-290
-269
-305
-232
-214
-174
-203
-170
-207
-243
-203
-240
-280
-294
-290
-247
-298
-294
-294
-294
-323
-276
-305
-283
-225
-272
-272
-258
-254
-250
-247
-225
-229
-247
-272
-247
-261
-247
-294
-327
-290
-345
-305
-298
-360
-334
-312
-276
-236
-229
-240
-261
-261
-247
-232
-254
-290
-247
-261
-280
-280
-258
-276
-283
-309
-287
-250
-221
-214
-258
-225
-196
-250
-196
-210
-240
-189
-181
-149
-167
-160
-156
-152
-189
-167
-189
-214
-156
-149
-178
-156
-210
-178
-218
-141
-141
-123
-94
-94
-145
-156
-36
-229
-1807
-5317
-8728
-10783
-11434
-11019
-9943
-8546
-7186
-6033
-5208
-4691
-4484
-4371
-4346
-4240
-4175
-4127
-3924
-3720
-3498
-3218
-2920
-2625
-2363
-1993
-1542
-1141
-560
0
240
283
254
283
316
316
349
327
345
294
261
320
290
221
261
254
218
229
232
301
280
265
312
312
294
301
290
305
298
280
298
272
272
265
250
272
265
283
309
283
309
334
276
283
349
330
298
301
280
334
330
323
