0
10
5
8
13
17
7
12
8
7
0
2
4
4
7
13
6
4
7
8
5
10
11
11
10
6
1
9
6
10
4
4
5
4
7
7
2
8
1
2
8
4
-4
5
7
-1
0
2
7
4
4
7
5
5
2
4
-2
6
0
1
6
2
4
11
49
96
130
148
163
186
200
202
216
225
226
232
233
238
234
221
210
198
185
172
146
114
66
15
-6
-9
-14
-3
-3
-2
-6
-7
-4
-3
-5
-6
-13
-8
-13
-7
-7
2
-4
-10
1
-1
-8
-5
0
-8
-15
-5
-2
-4
1
-6
-14
-6
-5
-10
-12
-12
3
-10
-6
-8
4
-4
-12
-10
-4
-7
-2
-5
-2
-2
-4
-7
-10
0
-2
0
-2
-10
-3
-5
-5
-10
-14
-7
-10
-2
-1
-1
1
-4
-7
-2
-4
0
-11
-6
-7
-12
-8
-9
-3
-2
-4
0
-3
5
-4
-10
5
1
-7
-1
-6
-10
-6
-1
-7
-4
-7
-4
-6
0
-6
-1
-8
-7
-4
-7
-4
-4
-2
-17
-8
-13
-42
-81
-112
-140
-170
-175
-200
-209
-221
-229
-225
-249
-244
-241
-238
-229
-226
-213
-200
-183
-155
-133
-90
-23
2
10
5
5
9
3
11
15
8
14
13
11
10
7
8
6
11
9
11
14
10
7
7
12
4
7
11
5
3
4
10
12
11
11
7
8
7
7
3
7
5
11
9
7
10
2
3
5
1
5
4
8
