323
309
283
301
290
283
250
243
258
269
276
280
243
330
283
283
258
283
261
207
283
283
280
287
287
269
243
269
225
243
232
240
207
181
243
192
210
192
185
243
236
203
156
163
200
170
178
203
141
145
156
116
138
152
101
152
134
258
1636
4855
8557
11067
11859
11216
9648
7684
5895
4837
4462
4444
4498
4607
4567
4480
4437
4284
4055
3796
3505
3225
2916
2644
2320
1902
1425
978
418
-58
-152
-207
-236
-290
-305
-323
-312
-309
-316
-305
-269
-247
-236
-280
-243
-236
-247
-254
-320
-265
-265
-301
-327
-309
-305
-330
-243
-250
-276
-298
-290
-272
-254
-276
-232
-225
-265
-232
-283
-247
-276
-243
-247
-290
-280
-305
-367
-349
-323
-360
-305
-316
-338
-290
-345
-269
-294
-290
-258
-272
-243
-269
-232
-261
-250
-254
-283
-280
-283
-258
-349
-272
-287
-261
-247
-294
-269
-258
-196
-203
-221
-214
-225
-192
-232
-221
-243
-210
-203
-250
-185
-207
-229
-203
-185
-167
-196
-116
-130
-120
-141
-160
-152
-160
-149
-160
-170
-101
-196
-923
-3564
-7284
-10161
-11245
-10939
-10139
-9234
-8357
-7444
-6499
-5629
-4971
-4611
-4491
-4564
-4597
-4524
-4400
-4229
-3967
-3684
-3309
-2996
-2669
-2349
-1938
-1516
-978
-301
116
189
250
269
290
341
330
349
345
294
320
298
250
265
225
247
280
254
258
323
330
334
323
283
287
294
309
290
305
301
250
250
301
280
232
258
272
301
240
243
276
298
323
338
327
312
294
305
323
352
341
334
341
