3
8
5
-5
-1
8
7
4
5
-1
5
5
8
3
-2
7
4
5
4
8
7
4
1
3
-1
3
2
-2
4
-2
7
3
7
6
0
4
0
5
13
0
3
7
8
8
2
4
7
2
1
1
1
7
-4
6
3
2
-4
-1
0
7
0
10
4
-1
30
50
89
109
133
153
172
186
196
203
213
221
228
228
222
229
219
208
201
180
170
145
109
57
4
-6
-8
-9
-8
-10
-4
-4
-5
-4
-14
-14
-11
-8
-5
-10
-13
-12
-3
-8
-11
-5
-9
-1
-10
-4
-5
-14
-7
-5
-8
0
-7
5
-11
-3
-7
-17
-3
-8
-11
-11
-9
-8
-9
-8
-15
-13
-7
-5
-7
-2
0
-8
-12
-5
-5
-7
-1
-10
-5
-1
-10
-8
-15
3
-4
-7
-1
-2
-11
-4
-2
-2
-8
-7
-6
-10
-2
-9
-5
-5
-5
0
-6
-4
-5
-14
-11
-8
-3
1
-5
-5
-10
0
-4
-7
0
-7
-5
-7
-5
-5
-3
-7
-4
1
-5
-5
-4
-2
-7
-4
-3
-8
-26
-63
-97
-117
-142
-167
-182
-190
-213
-218
-229
-216
-225
-235
-235
-228
-219
-210
-199
-175
-157
-125
-90
-37
3
8
9
2
7
12
7
4
0
6
4
3
1
5
7
13
8
11
-1
10
9
5
2
1
8
2
-4
-2
5
7
10
7
4
4
4
5
2
7
2
0
5
-4
-1
-5
13
15
4
2
10
4
4
5
