20
21
31
38
53
51
55
64
68
61
76
78
85
92
96
92
114
123
123
129
137
140
150
159
162
165
169
175
177
180
185
193
196
188
196
206
202
202
205
218
215
220
221
229
228
234
231
231
235
235
233
240
242
245
249
248
253
250
258
258
268
263
257
268
262
269
267
266
269
264
266
260
266
266
262
265
259
265
264
258
255
254
258
271
259
261
254
257
252
252
242
243
240
241
238
241
239
233
227
226
225
214
212
213
208
203
198
190
190
188
185
178
172
170
160
158
152
146
136
123
110
110
110
89
97
93
79
68
60
57
49
48
33
30
24
8
4
-2
-14
-17
-33
-36
-41
-43
-47
-48
-55
-64
-71
-83
-78
-87
-87
-95
-98
-109
-113
-127
-121
-129
-137
-146
-149
-158
-160
-170
-170
-180
-173
-182
-186
-196
-196
-196
-196
-192
-202
-203
-210
-211
-218
-219
-220
-225
-226
-232
-229
-233
-238
-237
-249
-246
-246
-249
-248
-251
-255
-251
-258
-251
-258
-269
-261
-271
-262
-264
-265
-268
-275
-259
-258
-268
-270
-270
-267
-262
-269
-263
-263
-274
-267
-269
-259
-254
-264
-258
-257
-260
-251
-249
-241
-238
-238
-228
-236
-226
-229
-231
-227
-232
-213
-213
-216
-202
-203
-199
-206
-195
-193
-185
-180
-173
-163
-162
-158
-155
-145
-143
-127
-126
-121
-111
-100
-94
-88
-84
-80
-74
-70
-63
-39
-48
-42
-27
-18
-7
1
11
8
17
