5
7
2
1
4
4
6
5
-2
14
5
9
6
8
11
4
11
4
1
13
3
4
10
7
7
4
7
7
3
11
8
6
4
2
5
5
5
5
4
5
6
8
5
0
2
4
0
9
3
6
6
-7
0
0
1
1
0
7
-2
0
7
6
7
5
0
15
18
50
68
95
111
130
150
162
176
187
193
195
192
191
182
171
153
142
126
96
48
0
-4
-5
-8
-4
-11
-12
-6
-4
2
-7
-5
-3
-12
-10
-12
-5
-8
-7
-5
-10
-4
-4
1
-3
-4
-1
-7
-5
-5
-11
-3
-7
-3
-7
-2
0
-6
-6
1
-8
-5
-5
-2
-12
-8
-6
-11
-4
0
-3
-3
-4
-2
-8
-7
-11
-11
-1
-6
-12
-1
-1
-9
-5
-2
-5
-12
-3
-11
-4
-4
1
4
-1
0
0
-11
-2
-7
-4
-7
-8
-10
-8
-7
-11
-10
0
-1
-3
-2
-1
-2
-6
1
-3
-12
-10
-7
-9
-8
-2
1
-1
0
-8
0
2
-4
-2
5
-4
-7
-11
-1
-4
-6
-4
-24
-56
-86
-106
-116
-127
-145
-158
-176
-184
-200
-200
-193
-193
-189
-171
-165
-146
-117
-96
-37
1
1
5
0
3
0
8
9
2
5
5
7
10
2
4
12
16
10
7
4
1
2
4
1
14
9
5
3
-1
0
7
-4
8
10
10
7
2
8
1
-1
6
3
5
1
7
12
0
2
3
-4
7
4
11
