6
5
5
11
0
0
5
7
7
0
4
12
5
3
9
3
7
6
8
6
7
2
-1
5
6
5
11
12
10
6
5
4
7
5
-4
-2
10
7
2
5
1
10
10
11
10
1
8
4
4
12
10
5
1
7
2
4
9
5
-4
5
0
4
7
15
33
50
83
102
119
147
164
188
200
208
208
208
210
212
205
204
197
180
170
144
116
51
12
-7
-4
-5
-5
-3
-7
-8
-3
-5
-12
-4
1
-4
-18
-8
-7
-4
-2
-2
-5
-15
-2
-4
0
3
-4
-3
0
-7
-5
-12
-4
-15
-13
-7
-5
-5
-5
-5
-2
-5
-4
-8
-3
-6
-5
0
-4
0
-3
-3
0
-7
-8
-2
-6
-8
-10
-5
-3
-8
0
-6
-1
-7
-8
-6
-12
4
2
1
-4
-10
-5
-7
-2
-3
-1
1
-1
-10
-2
-6
-8
-9
0
-1
-5
-1
-7
-5
2
-4
-5
-2
-5
-4
-5
-2
-5
-2
-4
-7
1
-8
-12
-7
-7
4
0
-7
-7
-15
-6
-3
-10
-25
-57
-80
-105
-133
-152
-157
-173
-186
-202
-212
-214
-223
-227
-229
-222
-216
-204
-183
-171
-150
-121
-67
-7
2
8
8
9
4
4
14
9
8
9
9
8
1
8
10
10
9
11
5
9
9
5
7
11
8
4
14
9
5
14
11
11
7
11
12
10
9
8
0
8
8
2
4
11
8
-1
5
5
5
14
7
10
2
