11
5
7
2
1
0
9
8
14
7
5
5
10
7
4
10
5
4
8
1
8
2
6
5
3
1
6
3
5
6
4
2
0
8
7
11
11
2
7
-4
5
10
4
17
12
6
1
12
11
0
5
9
6
5
2
3
17
14
7
5
7
11
7
0
7
18
51
74
100
120
141
149
167
175
182
199
198
211
209
212
200
196
177
164
139
120
78
27
-7
-10
-1
0
-4
-5
-16
-8
-5
-7
-8
-5
-6
-8
-7
-5
-10
-8
-5
-5
-5
-6
-6
-8
0
-3
-10
-5
-7
0
1
-10
-7
-10
-8
-6
-19
-1
-7
-17
-6
-5
-4
-9
-11
-5
-8
-4
-8
-8
-8
-2
0
-7
-3
-2
-7
-5
-6
-7
-7
-3
-2
-7
-4
-5
-6
-8
-11
-6
-5
-4
-7
-4
0
-7
-4
-5
-4
0
-2
-5
-4
-10
-5
-11
-5
-2
-5
-8
-7
-1
-3
-7
-1
-9
-5
-7
-1
-2
-7
4
0
-1
1
0
-1
2
0
-4
-11
-7
-9
-5
-7
-3
-14
-33
-55
-81
-113
-123
-144
-153
-173
-192
-206
-213
-226
-238
-233
-227
-223
-202
-191
-174
-157
-129
-88
-29
1
8
2
1
12
17
15
4
1
11
4
6
8
7
7
7
0
7
5
5
4
5
7
12
16
9
1
4
3
8
4
3
14
3
0
1
1
10
8
8
4
6
9
11
5
10
8
8
8
4
10
5
