8
4
6
0
9
4
11
0
10
8
-2
9
5
4
10
4
5
12
10
1
-4
0
8
5
11
11
10
7
-2
6
6
10
2
-1
4
7
11
1
7
2
-2
4
8
4
7
2
5
11
8
9
7
7
6
4
12
8
12
7
2
10
25
53
80
111
130
163
180
191
200
206
207
202
204
213
216
223
226
220
214
214
206
190
178
159
134
80
17
-8
-1
-7
-14
-8
-6
-8
-7
-7
-2
-11
-9
-5
-13
-11
-4
-7
-6
-7
-4
-10
-7
-10
-3
-7
-11
-15
-4
0
-2
-7
0
-4
-9
-7
-7
-4
-6
-14
-10
-9
-2
-10
-6
1
-7
-7
-15
-8
-1
-8
-4
-7
-7
-1
-2
-8
-12
-10
-8
-17
-9
-7
-4
-6
-2
0
0
0
1
-4
-4
-6
-1
-2
-5
-2
-8
-1
-4
-9
-2
-2
-4
-1
-8
-2
-10
-4
-4
-11
-4
-8
-8
0
-10
-5
-5
-10
-2
-7
-2
-8
-5
-4
-1
-1
-14
-11
-5
0
0
-10
-41
-74
-102
-128
-143
-165
-175
-188
-186
-205
-202
-209
-215
-215
-221
-220
-218
-216
-215
-212
-196
-188
-173
-158
-122
-74
-14
8
5
5
2
18
4
6
7
10
13
10
5
10
10
10
8
5
6
8
6
10
8
12
11
4
5
7
7
8
6
8
4
9
13
10
7
5
15
2
4
8
11
8
5
3
5
2
6
7
1
8
10
8
