305
334
334
305
258
276
305
283
294
330
316
298
272
309
323
320
294
320
294
272
320
323
250
258
254
298
269
269
269
254
276
236
298
261
236
250
258
225
210
218
236
229
200
250
185
145
174
152
221
203
160
141
152
134
138
112
963
4502
9754
13776
15122
14071
11990
10154
8659
7626
6724
5840
5146
4647
4495
4422
4429
4506
4578
4495
4415
4182
3898
3636
3291
2964
2542
2163
1807
1309
636
7
-181
-240
-298
-298
-323
-360
-360
-338
-334
-294
-272
-290
-254
-243
-276
-280
-309
-287
-305
-301
-316
-309
-301
-301
-316
-298
-294
-341
-370
-309
-312
-323
-298
-316
-294
-290
-287
-327
-334
-298
-265
-283
-327
-301
-312
-327
-378
-352
-345
-338
-363
-381
-378
-349
-345
-334
-283
-363
-316
-330
-323
-243
-309
-323
-316
-276
-269
-240
-243
-298
-280
-283
-265
-294
-334
-312
-283
-258
-294
-265
-261
-207
-254
-250
-229
-276
-189
-210
-243
-225
-247
-247
-265
-178
-221
-294
-221
-258
-185
-221
-218
-232
-192
-116
-160
-141
-134
-149
-585
-3193
-7917
-12147
-14263
-13732
-11656
-9415
-7866
-6884
-6273
-5626
-5106
-4622
-4364
-4269
-4276
-4306
-4313
-4335
-4273
-4073
-3738
-3378
-3000
-2647
-2323
-1953
-1527
-1087
-418
109
192
196
221
272
254
312
341
320
301
316
254
280
229
200
214
225
218
218
243
301
283
290
356
323
269
309
254
327
316
290
287
298
276
301
250
261
301
287
330
287
265
258
309
309
283
290
323
341
381
352
352
323
