4
2
5
8
0
2
9
8
7
15
14
9
5
8
-1
0
6
0
7
5
2
8
2
5
5
0
4
3
7
8
0
5
6
5
8
5
7
2
5
8
5
4
2
7
5
7
5
3
0
8
4
8
5
3
2
5
15
1
5
0
1
7
5
-2
14
44
69
94
120
140
165
183
188
200
213
215
224
222
223
218
207
192
179
160
143
115
67
15
-6
-1
-11
-3
-1
-7
-4
-4
5
0
-13
-4
-5
-7
-4
-14
-11
-12
-11
-6
-10
-1
-8
-6
-5
-7
-7
-3
-5
-10
-20
-4
-2
-10
-11
-5
-7
-12
-7
-5
-7
-4
-11
-4
-5
0
-7
-4
0
-9
-8
-5
-7
0
-1
4
-5
-14
-4
-10
0
-5
-5
-7
-14
-2
-4
-4
-1
-4
-10
0
-1
-3
-11
-1
2
-9
2
-3
-1
1
-4
1
-5
-1
0
-1
0
-5
-4
-2
-3
-2
-11
-8
-2
-1
-7
-12
0
-2
-7
-2
-8
-4
-10
-3
-1
-3
0
-8
-7
-4
-1
0
-7
-18
-38
-84
-111
-135
-149
-166
-177
-196
-199
-204
-214
-215
-222
-210
-213
-192
-169
-155
-129
-99
-47
-3
4
8
2
1
7
12
5
4
5
0
0
11
2
2
4
7
10
7
1
0
0
2
5
3
11
13
16
8
4
11
6
2
5
0
2
5
0
1
4
4
3
4
4
-1
5
-1
-3
4
1
2
1
2
