334
341
269
254
269
240
294
305
280
225
250
247
290
334
309
290
290
294
236
207
280
232
254
236
265
280
280
210
210
192
196
210
152
214
240
181
261
261
203
210
138
185
185
174
178
189
192
178
170
163
149
130
141
101
116
141
527
3444
8801
13343
15013
13532
10681
8172
6597
5699
5088
4567
4109
3778
3585
3553
3593
3651
3655
3585
3375
3120
2891
2553
2243
2076
1807
1498
1061
320
-138
-250
-287
-283
-316
-323
-334
-272
-232
-287
-250
-240
-203
-232
-232
-185
-243
-243
-250
-207
-203
-272
-341
-349
-370
-392
-312
-316
-258
-272
-258
-236
-232
-272
-272
-247
-261
-272
-276
-229
-218
-265
-272
-276
-261
-280
-298
-290
-334
-294
-341
-338
-323
-356
-327
-312
-280
-298
-258
-276
-276
-254
-323
-240
-272
-250
-290
-301
-258
-265
-207
-272
-312
-280
-254
-236
-272
-214
-261
-265
-225
-203
-185
-240
-192
-221
-207
-210
-225
-200
-229
-181
-214
-218
-156
-192
-200
-174
-149
-160
-160
-152
-240
-203
-178
-160
-138
-163
-127
-156
-1058
-5062
-10768
-14983
-15700
-13278
-10015
-7593
-6175
-5509
-5018
-4538
-4120
-3847
-3687
-3665
-3673
-3695
-3716
-3651
-3440
-3145
-2814
-2509
-2345
-2120
-1898
-1680
-1087
-323
192
196
218
258
269
287
280
298
269
236
232
203
210
258
207
258
232
261
272
236
276
312
330
334
418
360
345
305
280
290
280
272
305
240
283
261
236
290
323
294
338
283
250
283
305
269
309
301
374
345
312
316
323
301
