8
5
9
4
14
13
11
7
1
6
4
7
5
8
0
5
4
0
2
4
5
3
5
3
-1
6
8
7
7
4
4
11
1
-1
3
14
8
2
10
7
7
8
7
7
0
2
4
0
8
7
7
9
5
8
4
8
4
0
10
7
7
9
4
20
41
81
114
136
155
173
185
208
221
228
234
241
243
243
243
242
239
226
213
189
175
168
134
93
24
0
-4
-13
-4
-15
-13
-5
-6
-13
-6
-10
-8
-2
3
-1
-8
-6
-9
-4
-8
-1
-5
-10
1
-8
-13
-6
-8
-2
-7
-5
-2
-5
-1
-1
-1
-8
-5
-4
-16
-6
-1
-2
0
-8
-15
-9
-2
-4
-4
-5
-7
-11
-1
-4
-1
-4
-5
4
-6
0
-2
-5
2
-1
-5
0
-2
-2
-10
-2
-3
-4
-5
-4
-1
4
3
-4
-10
2
-2
-8
3
-5
0
-3
-8
-10
-5
-7
-3
-3
-4
-11
-5
0
-4
-5
-11
-1
2
-5
-4
-4
-2
-2
-4
-7
-13
-9
-9
-9
-21
-47
-78
-114
-137
-156
-173
-200
-203
-210
-205
-213
-225
-223
-241
-242
-243
-246
-226
-228
-208
-200
-177
-152
-133
-86
-23
11
11
0
14
8
8
12
8
10
12
5
4
5
7
3
8
8
11
8
4
8
12
13
6
8
7
8
9
11
11
4
7
10
8
13
3
6
10
5
9
5
1
10
2
8
7
9
3
-2
7
10
