374
338
294
254
207
287
294
276
261
287
283
254
290
298
240
294
276
258
229
232
280
265
243
261
214
258
258
236
254
218
185
189
196
210
185
167
181
210
178
218
181
167
170
130
160
167
170
178
181
130
167
149
167
160
105
120
392
2625
7295
11747
13307
12267
9935
7593
5989
5146
4793
4640
4404
4204
4044
3982
3982
4036
3982
3913
3745
3524
3233
2945
2654
2418
2138
1862
1422
840
127
-210
-203
-287
-254
-258
-305
-327
-334
-261
-261
-243
-178
-196
-163
-247
-203
-240
-247
-323
-367
-330
-381
-363
-341
-338
-298
-283
-283
-305
-229
-192
-272
-229
-283
-301
-294
-269
-338
-309
-298
-272
-250
-258
-272
-323
-338
-367
-330
-349
-320
-378
-363
-330
-334
-243
-294
-320
-298
-316
-272
-298
-280
-316
-298
-265
-323
-280
-283
-265
-272
-309
-294
-294
-305
-265
-225
-236
-272
-316
-258
-258
-265
-254
-272
-243
-261
-203
-170
-254
-192
-200
-185
-189
-247
-218
-225
-189
-178
-207
-170
-185
-145
-192
-152
-130
-145
-116
-105
-94
-494
-2764
-7557
-11707
-12932
-11630
-9383
-7273
-5873
-5204
-4866
-4571
-4367
-4204
-4007
-3935
-3982
-4091
-4069
-3982
-3796
-3462
-3145
-2873
-2633
-2327
-2047
-1771
-1407
-836
-120
163
221
269
287
290
298
265
240
240
254
240
192
203
181
163
170
178
218
232
250
341
338
330
330
294
305
254
250
240
247
247
269
272
287
301
320
276
250
243
272
265
250
254
218
254
269
305
305
265
338
341
305
352
