301
316
261
283
309
261
276
298
312
298
316
290
280
283
276
287
287
261
269
287
283
294
283
265
276
232
272
232
229
283
269
265
254
214
232
283
287
276
272
243
232
185
185
174
167
156
196
200
192
192
170
156
178
163
192
851
3887
8670
12590
14394
14238
12703
10503
8375
6768
5851
5408
5218
5029
4902
4807
4753
4724
4629
4524
4367
4146
3891
3571
3262
2909
2585
2247
1898
1389
785
98
-207
-283
-247
-265
-309
-320
-327
-341
-352
-309
-316
-305
-254
-305
-250
-269
-301
-280
-374
-323
-316
-305
-316
-236
-294
-320
-269
-272
-301
-316
-287
-261
-269
-312
-287
-309
-323
-276
-287
-283
-280
-316
-301
-312
-349
-352
-341
-338
-352
-367
-352
-352
-389
-349
-374
-287
-334
-330
-250
-298
-276
-305
-247
-298
-280
-312
-309
-240
-327
-265
-269
-283
-254
-247
-265
-287
-276
-305
-236
-185
-225
-225
-210
-232
-261
-265
-236
-261
-203
-240
-236
-247
-320
-258
-258
-192
-181
-156
-192
-247
-167
-192
-185
-189
-185
-138
-163
-174
-1400
-5298
-10292
-13707
-14456
-13376
-11678
-10194
-9070
-8026
-7015
-6139
-5418
-4953
-4640
-4502
-4487
-4524
-4560
-4531
-4422
-4175
-3836
-3451
-3091
-2713
-2425
-2051
-1585
-1189
-563
14
203
272
305
345
294
305
338
294
338
312
338
272
276
272
276
272
323
290
294
338
323
360
338
370
385
345
338
287
305
323
341
250
287
298
305
356
345
269
298
287
330
330
301
301
320
374
407
374
330
374
403
363
370
