309
276
269
265
283
250
261
258
214
218
232
265
243
247
261
181
243
298
240
309
247
232
221
214
218
254
210
240
210
160
200
196
149
160
163
145
145
127
207
221
225
174
156
181
167
149
145
116
189
160
130
134
116
94
94
141
250
1469
4753
8277
10299
10590
9874
8961
8037
7099
6102
5375
4924
4575
4364
4331
4313
4324
4236
4069
3873
3633
3349
2974
2654
2338
1967
1578
1134
603
43
-203
-218
-276
-320
-312
-356
-305
-389
-298
-294
-287
-258
-265
-210
-240
-229
-290
-290
-309
-309
-294
-363
-327
-334
-298
-341
-323
-330
-305
-283
-312
-320
-298
-298
-258
-254
-250
-265
-265
-247
-265
-287
-327
-316
-345
-309
-330
-312
-334
-360
-356
-418
-360
-327
-330
-294
-327
-261
-280
-276
-269
-287
-360
-301
-294
-327
-316
-352
-316
-294
-280
-283
-258
-250
-254
-272
-312
-290
-269
-254
-229
-232
-254
-254
-236
-240
-232
-218
-240
-225
-240
-240
-247
-247
-232
-232
-196
-207
-225
-192
-196
-170
-163
-149
-138
-152
-112
-134
-130
-432
-2407
-6317
-10208
-11983
-11485
-9968
-8444
-7379
-6644
-5979
-5458
-5091
-4764
-4473
-4360
-4280
-4262
-4255
-4131
-3927
-3716
-3400
-2956
-2571
-2200
-1945
-1592
-1087
-636
-43
134
203
258
261
287
323
287
323
327
312
240
178
229
207
160
232
210
210
265
276
254
269
287
269
309
309
261
294
298
287
261
280
272
258
305
250
247
272
272
214
280
247
265
312
312
283
272
283
283
309
352
305
261
