12
9
4
10
7
4
2
3
3
12
0
-1
6
-1
2
2
4
7
2
10
2
4
0
1
2
8
6
9
2
9
5
6
5
3
9
12
0
10
7
4
5
10
11
10
7
9
0
2
2
2
12
4
5
3
2
4
5
1
10
10
5
0
3
14
41
73
102
127
153
175
188
195
206
209
217
208
217
221
219
209
199
197
173
153
130
107
60
13
1
-8
-7
-7
-10
0
-2
-4
-3
-3
-1
-8
-5
-12
-6
-4
-14
-7
-13
-13
-1
-10
-6
-5
-10
0
-1
-4
-4
-6
-1
-12
-10
-10
-6
-6
-9
-6
1
0
-7
-13
-7
-7
-1
-7
-7
-6
-6
-1
-5
-10
-9
-5
-6
-12
-13
-6
-8
-1
-6
-2
-5
-7
-5
-1
-1
2
-8
-3
-3
-4
-6
-6
-1
-5
0
-1
-7
0
-2
-10
-5
-4
0
-9
-2
0
-11
2
2
-7
-10
-7
-4
-4
-4
-2
-2
-5
-5
-4
-5
-2
-5
-1
-4
-4
-9
-2
-7
-11
3
-2
-3
-6
-3
-22
-64
-83
-107
-137
-157
-172
-181
-187
-202
-205
-224
-225
-221
-223
-212
-196
-183
-162
-144
-114
-61
-17
10
7
10
1
8
11
2
5
1
8
3
4
4
6
2
0
2
8
2
2
5
5
3
5
12
2
-1
4
9
6
11
9
3
10
1
8
5
4
2
4
15
3
4
4
1
5
7
8
5
2
2
4
