5
4
4
7
0
5
7
-1
2
5
7
0
2
11
5
0
3
7
8
0
4
4
0
4
5
4
8
4
4
5
8
7
2
4
2
1
7
4
3
0
-2
-2
-4
9
2
-1
1
-5
8
12
8
7
2
3
1
1
15
7
4
8
8
-3
-4
4
2
5
28
35
64
97
116
139
164
170
185
198
205
203
198
196
197
179
166
150
120
89
30
1
-8
-2
0
-12
-5
-14
-2
-5
-7
-4
-5
-7
0
-7
-11
-7
-4
-5
-8
0
0
-1
-8
-8
-6
-6
-8
0
-1
0
-11
0
-2
-7
-4
-11
-12
-3
-3
-8
-5
-1
-4
-5
-1
0
-8
-10
-4
-6
-12
-6
-7
-6
-11
-6
0
-3
-2
-7
-3
1
-5
-6
1
-11
-14
-5
-1
0
-11
4
0
-4
-7
-4
3
-5
-9
-10
-2
1
-1
-11
-4
-3
7
2
0
0
-5
-2
-2
-4
1
1
-7
-9
-3
-3
-11
0
-3
0
2
0
-7
-7
-2
-3
-5
-8
-3
-4
-5
-7
-1
-11
-30
-52
-76
-95
-129
-145
-167
-181
-195
-213
-210
-207
-194
-198
-188
-180
-152
-137
-116
-81
-27
-1
0
2
10
12
1
8
5
5
7
11
12
9
16
13
4
11
1
11
16
0
5
6
15
11
2
5
7
-1
9
13
11
7
-2
5
0
0
1
-7
6
5
6
7
7
4
1
12
2
-7
10
8
0
4
