290
312
349
280
250
272
287
327
298
305
356
287
320
334
298
272
309
280
323
305
298
323
283
301
323
276
283
294
210
229
221
221
258
225
240
265
225
250
254
181
232
200
163
178
163
163
240
225
254
225
163
141
127
138
170
149
272
1494
5004
9186
11823
12019
10677
9063
7724
6902
6226
5644
5066
4738
4564
4509
4495
4469
4444
4331
4124
3884
3571
3298
2916
2607
2254
1898
1512
1069
527
-25
-207
-203
-290
-280
-316
-316
-280
-287
-261
-254
-240
-192
-174
-192
-247
-196
-225
-283
-305
-272
-309
-320
-290
-276
-265
-294
-290
-258
-272
-250
-218
-203
-316
-254
-207
-240
-218
-287
-265
-280
-247
-276
-258
-283
-287
-301
-316
-261
-312
-316
-309
-327
-305
-298
-225
-269
-254
-229
-232
-254
-269
-240
-272
-290
-247
-269
-236
-265
-280
-250
-265
-280
-254
-261
-287
-210
-210
-265
-232
-225
-236
-225
-189
-200
-236
-229
-221
-229
-214
-174
-207
-200
-178
-185
-189
-200
-178
-163
-123
-138
-141
-120
-134
-127
-112
-170
-120
-80
-149
-1447
-4793
-8343
-10263
-10616
-10190
-9252
-8241
-7248
-6291
-5477
-4869
-4586
-4440
-4346
-4309
-4298
-4273
-4193
-4004
-3735
-3480
-3189
-2873
-2469
-2109
-1760
-1331
-847
-210
145
232
298
320
320
309
320
349
290
312
294
298
258
261
247
243
240
214
283
309
327
323
316
330
283
301
283
225
290
294
272
276
254
247
309
298
265
316
243
247
269
272
250
305
280
334
312
345
345
334
352
367
312
