2
5
6
1
0
2
14
8
1
10
4
0
15
14
14
4
5
6
-1
5
10
4
7
2
3
4
5
2
5
0
0
0
7
-2
4
1
7
10
0
5
4
4
1
-2
2
5
11
1
10
11
8
3
8
5
-4
0
-5
5
9
13
10
2
9
19
45
92
114
138
162
183
193
205
218
221
229
231
229
233
237
231
219
207
193
177
163
128
89
12
-1
-9
-7
-4
-10
-4
-8
-9
-12
-9
-1
-7
-13
-7
-11
-5
-13
-15
-3
-5
-8
-11
-2
-7
-12
-7
-7
0
-1
-11
-7
-7
-10
-1
-12
-6
-9
-11
-10
-2
1
-9
-12
-6
-7
-4
-8
-5
-2
-5
-8
-12
-4
-5
-5
0
-12
-9
-6
-1
-5
-2
-7
-10
-7
0
1
-5
-5
-7
0
-3
-8
-5
-5
-7
-5
-2
-4
-4
3
-2
-7
-10
-11
-7
-10
-2
-5
-3
-6
-5
0
0
-2
-6
1
-4
-5
-10
-7
-7
-7
-7
1
-8
-1
-3
1
6
-9
5
0
-4
-23
-41
-71
-98
-119
-150
-165
-183
-203
-221
-232
-228
-241
-239
-245
-242
-227
-221
-210
-209
-185
-166
-140
-90
-19
-7
14
8
8
9
9
21
12
10
2
1
10
6
1
11
5
5
6
5
12
7
8
7
2
11
11
11
5
10
10
3
9
8
5
10
8
7
8
7
10
5
8
12
5
12
4
-1
5
7
9
-2
0
6
