4
0
3
5
-5
8
12
5
7
4
2
-2
0
8
-4
8
4
2
3
2
4
4
4
7
1
-1
2
5
9
-10
2
4
2
1
-3
-2
1
4
8
7
2
2
-2
2
7
8
9
0
7
2
-2
-1
-1
1
-2
6
1
0
2
0
7
6
8
0
-1
4
7
13
40
66
89
104
128
153
179
191
201
212
210
203
207
201
183
160
142
123
100
47
-2
-11
-7
0
-4
-8
0
-6
-14
-8
-3
-11
-11
-7
-1
-9
-1
1
-2
-7
-5
-9
-5
-5
-10
-7
-6
-10
-11
-7
-5
-7
-5
-1
-2
-12
3
0
-2
-2
-1
1
-5
-8
-8
-10
-5
-10
-8
-2
-2
-4
-10
-1
-5
-17
-6
-4
-6
-1
0
-7
-7
-10
-13
-13
-1
-8
-13
-1
-4
-1
-10
-1
-4
-2
-4
1
-1
-7
-6
-1
-2
0
-9
-8
-2
-5
-11
-13
-10
-4
-4
-3
-4
0
-2
-7
-10
0
0
2
-8
-2
-1
1
3
-2
0
-1
-4
-5
-11
-6
-4
-8
-5
-8
-8
-36
-53
-88
-109
-137
-158
-174
-193
-205
-204
-218
-216
-214
-199
-184
-171
-150
-132
-104
-76
-30
-3
-1
4
0
7
11
5
11
3
4
10
8
12
4
0
5
8
8
-1
1
7
0
11
5
5
8
7
17
10
-1
0
-1
3
1
3
8
4
3
9
0
6
5
0
5
5
3
5
5
8
3
10
7
