8
12
11
5
10
9
1
7
1
6
7
7
5
7
7
6
4
10
4
5
11
2
7
-2
-1
8
3
8
8
2
0
4
2
2
10
11
8
10
9
11
15
12
8
13
9
5
7
5
0
-1
14
11
3
15
8
11
6
3
6
12
50
87
137
175
186
203
219
226
230
220
215
228
235
242
245
241
241
242
239
228
204
198
176
166
137
89
13
-3
-14
-10
-6
-5
-7
-4
-3
-12
-2
-2
-10
-10
-5
-1
-11
-2
-2
-7
-20
-5
-11
-4
-7
-8
-7
-14
-11
-10
-8
-5
-8
-13
-14
-3
-18
-7
-14
-10
-2
-9
-3
-10
-4
-2
-12
-12
-1
0
-4
-9
-14
0
-2
-10
-11
-5
-6
-10
-5
-10
-12
-14
-7
-7
-8
-9
-16
-11
-5
-2
-7
-14
-5
-9
-6
-4
-6
-11
-15
-15
-5
-7
-5
-3
2
0
-2
-6
-7
0
-1
-12
-2
-6
-5
1
-1
-2
-7
-5
0
-4
-5
-2
-2
-5
1
-2
-11
-2
-4
-18
-51
-107
-138
-170
-195
-210
-215
-211
-229
-233
-226
-227
-229
-233
-237
-245
-254
-246
-238
-213
-221
-203
-192
-162
-133
-88
-17
17
12
12
7
15
17
7
10
6
8
16
15
10
15
15
12
7
13
10
8
9
11
9
11
7
6
10
6
13
1
13
13
2
3
11
6
10
9
8
5
8
15
1
4
11
-1
10
6
10
12
4
1
1
