6
20
27
30
41
38
40
52
55
60
70
78
84
85
86
93
103
103
110
116
126
134
139
146
147
150
166
163
164
177
176
180
177
182
193
195
199
203
201
204
206
206
212
216
220
229
233
231
231
238
235
236
240
241
247
245
247
247
252
251
259
261
255
261
265
262
256
264
259
259
263
265
264
264
263
262
260
255
263
258
262
261
255
256
258
258
252
248
249
242
247
246
247
238
246
238
233
234
235
228
232
229
228
222
213
210
207
199
200
191
190
181
180
175
166
165
157
147
144
136
134
130
120
111
107
102
99
81
71
67
66
54
50
40
28
25
18
10
8
-2
-15
-16
-22
-31
-41
-49
-50
-54
-57
-75
-73
-73
-74
-84
-97
-103
-107
-117
-122
-120
-129
-136
-137
-140
-138
-153
-158
-167
-172
-177
-177
-188
-188
-192
-189
-198
-194
-191
-202
-208
-211
-205
-210
-222
-222
-228
-219
-231
-232
-233
-232
-236
-241
-238
-239
-241
-238
-247
-246
-259
-261
-256
-266
-263
-258
-264
-265
-268
-261
-263
-270
-267
-263
-264
-262
-262
-266
-261
-261
-259
-262
-256
-250
-262
-259
-252
-257
-253
-251
-259
-252
-252
-244
-246
-242
-242
-242
-230
-233
-222
-229
-226
-218
-216
-217
-215
-204
-198
-197
-191
-186
-187
-180
-182
-175
-170
-156
-151
-146
-148
-123
-126
-119
-115
-104
-101
-101
-99
-77
-73
-65
-55
-42
-34
-33
-20
-15
-7
-4
6
