2
6
4
6
-3
3
8
7
15
10
11
8
9
5
0
12
7
0
-3
0
8
5
0
7
4
2
2
5
12
6
2
5
7
4
4
11
10
5
11
0
8
4
1
11
4
4
2
5
10
7
-2
7
2
7
2
-2
2
3
2
11
9
6
11
31
62
86
108
129
154
163
180
191
198
206
209
219
219
211
208
200
184
174
154
137
98
38
2
-3
-4
-10
-10
-2
-6
-11
-2
-8
-12
-11
-5
-5
-1
-1
-2
-1
-13
-2
-9
-10
-4
-2
0
-1
-8
-3
-10
1
-4
-5
-5
-2
-5
-2
-5
-11
-9
-8
-3
-5
-4
-4
-3
-3
-2
-9
-16
-5
-7
-14
-5
-14
-13
-7
-7
-4
-11
-1
-9
-7
0
-4
-2
-2
-1
-7
-12
-3
-5
-7
-6
-5
-4
-1
-2
-6
2
0
2
-4
0
-2
-2
-7
-6
-4
-8
4
0
0
-6
-14
-7
-3
-2
-5
-9
0
-5
2
1
-8
-14
-12
-12
-8
-1
3
-1
1
-7
-3
-2
-14
-8
-20
-36
-55
-94
-113
-136
-153
-166
-176
-190
-198
-206
-217
-218
-224
-216
-205
-200
-188
-169
-144
-114
-59
-8
5
8
10
5
3
7
10
8
5
8
10
8
4
9
11
4
12
12
4
7
8
8
7
4
8
3
8
-1
0
4
2
1
6
17
8
5
7
4
4
7
-1
0
10
6
11
11
12
10
5
2
0
0
7
