363
341
312
280
316
301
287
312
276
287
272
290
320
294
283
269
320
305
290
320
298
298
283
276
272
254
243
258
247
174
243
269
280
269
229
247
229
232
243
272
240
225
225
207
185
138
181
174
167
130
170
174
156
101
127
50
127
1003
3880
7401
9768
10306
9834
9008
8204
7317
6484
5655
5051
4644
4411
4338
4276
4247
4156
4091
3989
3822
3640
3404
3051
2698
2349
1956
1512
1047
396
-90
-138
-210
-261
-261
-320
-294
-316
-309
-258
-247
-196
-225
-247
-196
-258
-221
-232
-243
-232
-298
-287
-312
-280
-250
-298
-269
-298
-294
-276
-236
-269
-309
-272
-261
-243
-301
-225
-290
-254
-272
-269
-258
-258
-269
-312
-305
-287
-301
-269
-305
-272
-298
-290
-305
-261
-236
-243
-210
-287
-250
-258
-294
-258
-323
-287
-283
-247
-240
-247
-269
-323
-261
-283
-269
-240
-236
-232
-261
-185
-200
-207
-185
-163
-134
-170
-120
-163
-178
-170
-203
-214
-225
-200
-185
-178
-167
-149
-170
-156
-141
-116
-160
-109
-105
-112
-80
-112
-47
-105
-1072
-4331
-8219
-10441
-10568
-9699
-8713
-7986
-7302
-6550
-5833
-5222
-4811
-4502
-4349
-4280
-4175
-4146
-4029
-3866
-3680
-3455
-3171
-2800
-2534
-2153
-1807
-1418
-941
-341
116
163
243
269
283
309
327
316
312
276
272
283
305
316
287
265
261
276
276
312
261
294
352
287
316
316
356
305
287
312
294
309
312
320
309
312
323
305
301
309
280
294
236
327
349
367
356
370
330
363
327
327
374
