327
320
323
298
312
349
316
312
323
236
283
312
305
290
316
312
349
283
280
309
272
250
301
258
254
265
261
261
221
221
207
225
203
218
210
200
203
240
294
258
189
185
174
218
221
203
203
196
250
178
163
170
141
174
200
450
2753
7517
11328
12099
10888
9310
7964
6895
5986
5193
4564
4135
4004
4040
4098
4193
4236
4182
4029
3869
3604
3367
3134
2865
2538
2276
1913
1538
1065
345
-116
-178
-243
-229
-287
-305
-269
-316
-261
-229
-200
-214
-272
-254
-236
-214
-243
-214
-258
-301
-272
-298
-283
-349
-301
-250
-312
-261
-287
-301
-269
-276
-250
-287
-247
-243
-225
-236
-298
-254
-254
-232
-236
-287
-261
-309
-294
-316
-283
-356
-316
-316
-320
-283
-334
-294
-330
-265
-250
-301
-290
-312
-232
-269
-258
-301
-305
-254
-221
-229
-261
-258
-210
-247
-272
-280
-200
-250
-210
-261
-265
-225
-221
-163
-200
-221
-200
-210
-229
-225
-156
-232
-181
-247
-221
-196
-181
-160
-152
-163
-170
-145
-160
-149
-123
-120
-138
-109
-149
-570
-3491
-8532
-12107
-12554
-11110
-9386
-7982
-6931
-6040
-5255
-4669
-4276
-4029
-4004
-4087
-4146
-4160
-4138
-4036
-3829
-3582
-3298
-2971
-2684
-2429
-2142
-1836
-1476
-909
-221
189
229
280
320
360
345
320
370
312
250
250
254
261
269
283
214
287
290
287
323
309
349
410
360
309
287
276
272
247
236
258
287
320
272
250
323
352
320
301
287
258
276
272
309
298
294
334
312
287
356
349
349
367
334
