341
330
327
312
330
341
276
316
298
250
265
316
305
349
323
265
287
265
240
258
254
301
287
287
247
280
258
290
229
247
229
225
247
218
203
218
218
210
189
189
170
178
185
203
192
200
181
196
214
189
225
218
163
156
160
323
2225
7361
13180
16653
16435
13311
9681
7041
5615
4971
4698
4451
4186
3989
3862
3909
3996
4047
4055
3946
3738
3502
3189
2880
2633
2371
2069
1702
1276
552
-69
-192
-250
-258
-280
-280
-218
-280
-301
-276
-294
-265
-305
-225
-207
-218
-200
-243
-229
-290
-294
-312
-356
-305
-294
-327
-309
-218
-258
-254
-269
-265
-232
-243
-240
-294
-301
-250
-250
-283
-265
-261
-269
-320
-298
-294
-305
-290
-338
-345
-381
-363
-360
-309
-330
-283
-352
-305
-276
-261
-276
-334
-254
-240
-247
-261
-287
-316
-301
-330
-269
-276
-243
-272
-261
-298
-240
-290
-258
-240
-261
-243
-261
-221
-221
-247
-258
-229
-185
-225
-221
-196
-185
-189
-225
-185
-167
-174
-210
-214
-174
-178
-120
-178
-116
-185
-196
-112
-141
-207
-1738
-6095
-11165
-13867
-13518
-11554
-9452
-7888
-6670
-5826
-5135
-4640
-4204
-3858
-3778
-3833
-3975
-4062
-4073
-3927
-3702
-3422
-3124
-2905
-2593
-2385
-2153
-1720
-1156
-403
109
185
192
225
272
309
283
327
280
312
272
258
247
218
214
254
203
185
225
261
330
356
338
363
389
305
301
323
294
254
258
243
265
283
312
290
312
283
298
287
250
265
240
254
280
276
290
305
254
352
320
312
312
330
