301
305
290
265
316
323
280
294
280
323
298
301
327
316
327
301
280
287
301
290
305
309
294
280
280
283
247
265
287
250
240
236
240
229
254
207
218
225
167
261
221
200
181
185
192
225
178
210
185
170
218
152
196
203
163
298
1669
5655
10437
13387
13623
11928
9779
8110
7015
6331
5771
5204
4800
4502
4313
4196
4160
4109
4098
4015
3898
3705
3425
3087
2687
2309
1996
1640
1105
523
40
-127
-210
-290
-247
-290
-327
-323
-316
-283
-320
-221
-207
-265
-207
-240
-178
-243
-243
-250
-301
-261
-280
-280
-341
-290
-283
-283
-294
-240
-243
-250
-254
-254
-258
-210
-229
-276
-269
-287
-250
-258
-247
-305
-276
-345
-294
-341
-309
-309
-309
-323
-320
-338
-298
-327
-287
-272
-250
-287
-250
-243
-236
-269
-254
-287
-301
-218
-236
-276
-276
-269
-294
-305
-258
-287
-250
-247
-258
-229
-254
-214
-200
-181
-207
-167
-134
-229
-210
-203
-254
-181
-225
-192
-196
-145
-145
-152
-163
-185
-160
-138
-127
-145
-156
-120
-181
-130
-101
-160
-1101
-4273
-8470
-11092
-11376
-10314
-8986
-7870
-6971
-6233
-5506
-4873
-4429
-4207
-4182
-4196
-4240
-4229
-4182
-4058
-3887
-3687
-3338
-3054
-2734
-2389
-2123
-1792
-1382
-803
-105
189
207
272
254
334
323
341
294
298
272
265
305
221
247
272
218
287
265
276
312
290
280
301
345
356
323
309
316
283
312
272
301
309
272
269
240
254
272
269
258
272
298
290
327
341
316
363
312
330
294
283
330
316
