1
1
7
11
15
2
5
4
9
14
8
12
10
8
7
5
8
7
3
8
5
5
10
8
5
3
8
5
2
8
12
10
4
2
7
-1
1
1
0
5
0
3
-3
1
7
-2
4
7
0
1
9
1
5
5
4
1
2
1
5
12
-2
2
3
20
45
74
100
123
140
160
165
180
195
198
210
218
230
231
232
226
221
218
196
175
157
127
81
25
-1
-4
-6
-8
-7
-11
-11
-13
-11
-11
-13
-4
-7
-12
-11
-7
-6
-5
-5
-5
-8
-5
-5
-7
-5
-12
-8
-12
-16
-3
-1
-1
-1
-14
-10
-9
-11
-1
-6
-4
-4
-4
-12
-5
0
-7
-5
-4
-9
-1
-9
-4
-8
-11
-2
0
0
-11
-7
-11
-4
-11
-12
-5
-4
-2
-10
-10
-11
-11
-7
-5
-4
-5
0
-7
-8
-9
-8
-2
-4
-2
-4
-7
-4
-6
-2
-14
-6
-4
-6
0
-13
0
-3
-8
0
-8
-3
-4
-9
-10
-8
-1
-5
-5
0
-2
0
-7
-5
-1
-2
-4
-11
-47
-75
-106
-130
-149
-161
-193
-213
-228
-228
-229
-236
-236
-247
-246
-233
-224
-212
-206
-191
-160
-147
-112
-72
-7
5
10
14
12
7
13
8
18
12
4
11
8
8
10
5
11
8
12
12
8
10
8
8
10
12
11
8
7
8
5
12
1
7
14
10
10
7
10
5
7
3
4
11
11
12
14
8
5
10
2
11
6
