323
367
349
309
269
265
254
294
352
323
280
290
301
269
312
247
265
290
305
312
272
272
276
265
280
247
214
240
269
203
225
196
178
207
225
218
203
203
236
229
207
240
229
221
192
127
167
167
192
207
160
160
170
163
149
185
298
1876
5829
10136
12830
13412
12456
10743
8681
6659
5244
4517
4349
4502
4658
4600
4455
4291
4215
4055
3887
3702
3527
3349
3054
2825
2542
2229
1851
1396
763
170
-112
-160
-261
-280
-272
-360
-280
-330
-276
-247
-261
-298
-290
-243
-269
-236
-265
-240
-247
-280
-312
-312
-287
-294
-280
-301
-338
-280
-280
-309
-294
-272
-272
-240
-243
-316
-276
-320
-276
-250
-258
-258
-305
-272
-309
-290
-312
-294
-330
-345
-294
-294
-301
-334
-312
-261
-276
-265
-327
-280
-276
-247
-265
-287
-258
-312
-301
-312
-276
-330
-287
-280
-305
-276
-345
-283
-283
-225
-236
-236
-163
-225
-210
-200
-203
-189
-276
-196
-210
-189
-192
-192
-163
-189
-178
-200
-163
-130
-181
-163
-200
-149
-167
-120
-134
-156
-134
-123
-210
-891
-3647
-7695
-10899
-12270
-11914
-10259
-8121
-6339
-5295
-4851
-4760
-4753
-4677
-4600
-4466
-4316
-4244
-4171
-4087
-3956
-3764
-3476
-3189
-2876
-2582
-2211
-1836
-1360
-803
-80
120
210
232
276
341
378
309
298
280
250
316
214
229
225
254
236
269
229
240
254
320
269
287
305
290
309
301
287
309
283
254
258
258
283
320
229
287
287
261
240
265
309
316
330
265
309
323
287
341
287
360
338
