-8
11
3
1
2
9
2
9
3
3
2
7
9
11
7
4
7
2
-2
8
4
0
5
7
7
8
4
9
4
0
8
4
2
0
5
6
4
13
8
8
7
4
4
6
2
2
8
13
7
4
5
0
7
1
9
11
7
11
10
-2
5
34
71
113
147
169
188
190
199
212
221
234
247
248
262
256
254
249
240
243
231
210
192
163
144
118
60
10
-12
-18
-10
-5
-11
-10
-8
0
-9
-16
-6
-8
-10
-11
-10
-4
-9
-11
-10
-5
-8
-15
-14
-4
-1
-3
-7
-4
-4
0
-17
-15
-12
-5
-3
-7
-4
-3
-10
-2
-8
-5
-5
-7
-8
-4
-9
-5
-6
-4
-4
-8
-7
-7
-4
-3
1
2
-10
-7
-6
-3
-6
-10
-9
-7
-5
-5
-5
-1
-2
-6
3
0
1
-1
-11
-8
-12
-2
-3
-10
-2
-2
-1
0
-5
-6
-18
-5
-7
-6
-14
-12
-10
-11
-10
-5
-9
-7
-5
-5
3
-4
0
-10
-11
-10
-11
-5
-2
-1
-7
-33
-78
-116
-145
-168
-177
-196
-196
-207
-226
-232
-243
-248
-250
-255
-254
-257
-249
-245
-229
-208
-193
-169
-154
-118
-58
-7
4
11
6
9
14
8
7
5
4
5
18
8
7
6
13
11
14
6
7
9
7
7
12
10
4
10
12
3
-1
7
11
5
8
11
4
7
3
4
6
8
2
5
5
8
8
6
1
6
-1
2
8
6
