320
341
309
309
298
305
320
309
316
327
338
356
305
312
298
312
316
360
290
305
341
250
338
305
261
269
269
294
330
283
254
229
218
258
254
250
254
240
189
258
240
232
214
192
170
167
170
221
181
170
174
116
138
130
170
192
949
4284
9023
12525
13809
12976
11234
9586
8310
7299
6259
5455
4797
4386
4287
4338
4429
4484
4506
4484
4386
4095
3760
3436
3040
2716
2360
2040
1534
971
210
-145
-229
-243
-298
-330
-316
-309
-290
-261
-323
-298
-330
-280
-232
-225
-221
-250
-240
-294
-290
-290
-338
-283
-294
-301
-327
-290
-312
-334
-316
-305
-294
-298
-276
-243
-232
-250
-283
-290
-294
-225
-290
-305
-320
-327
-334
-360
-290
-287
-301
-309
-298
-301
-316
-294
-323
-272
-298
-269
-269
-301
-276
-276
-272
-258
-247
-298
-327
-240
-261
-272
-345
-287
-320
-305
-254
-276
-250
-236
-210
-218
-221
-185
-225
-214
-207
-214
-192
-221
-203
-247
-221
-240
-203
-134
-156
-127
-181
-141
-145
-189
-138
-163
-109
-120
-127
-105
-149
-134
-320
-2080
-5819
-9474
-11718
-11885
-10692
-9077
-7786
-6800
-5997
-5349
-4873
-4557
-4433
-4433
-4495
-4546
-4520
-4331
-4127
-3866
-3520
-3185
-2789
-2418
-2033
-1691
-1327
-738
-105
189
250
254
269
276
290
338
312
316
280
280
254
240
207
250
301
305
305
290
287
312
287
349
287
298
254
283
283
356
301
276
272
258
236
250
225
261
250
312
272
258
272
294
283
330
330
316
334
294
334
356
320
312
