13
24
22
23
30
44
54
47
57
65
76
76
81
78
84
96
100
110
114
129
130
130
142
140
149
149
158
166
167
172
172
184
188
191
192
194
194
201
194
200
213
208
210
215
220
226
220
226
232
221
230
233
238
238
248
250
243
252
257
255
256
262
267
265
256
254
264
270
258
268
265
266
269
263
259
269
265
255
258
263
264
258
258
251
249
261
256
263
248
242
252
249
249
246
246
242
238
238
230
227
228
224
221
216
219
214
215
201
199
197
187
187
184
170
166
159
154
149
147
140
136
126
120
116
100
98
92
80
73
73
60
55
48
31
31
14
11
9
4
-5
-10
-18
-27
-40
-39
-45
-55
-58
-62
-62
-78
-82
-79
-84
-92
-101
-104
-109
-116
-126
-126
-137
-143
-150
-154
-157
-166
-165
-177
-176
-178
-181
-186
-189
-190
-198
-200
-208
-202
-213
-212
-221
-222
-213
-223
-221
-229
-221
-225
-233
-233
-242
-236
-245
-242
-249
-261
-250
-252
-265
-254
-258
-255
-256
-256
-257
-264
-262
-258
-261
-260
-268
-268
-259
-264
-270
-265
-263
-258
-259
-261
-262
-270
-261
-256
-258
-249
-250
-255
-248
-249
-241
-248
-235
-229
-228
-229
-241
-227
-221
-215
-216
-218
-206
-218
-204
-203
-203
-189
-195
-186
-187
-186
-172
-163
-149
-158
-152
-146
-131
-132
-120
-120
-106
-107
-91
-82
-74
-74
-65
-62
-55
-44
-45
-25
-23
-8
-4
-1
7
