16
29
36
38
38
46
56
64
73
75
74
83
87
96
103
102
107
120
121
123
137
140
144
143
156
163
168
173
172
184
183
189
191
192
198
205
205
202
205
199
203
214
219
223
225
226
229
233
230
235
241
239
237
244
241
244
235
246
254
252
247
249
254
255
254
260
263
268
265
266
272
264
262
268
261
269
274
265
263
261
258
265
266
268
261
248
258
255
259
256
255
252
243
243
235
238
231
233
229
225
213
214
216
206
203
204
195
196
188
182
181
177
170
172
164
159
142
144
137
124
123
112
110
104
96
85
78
71
67
60
46
38
38
31
24
7
2
-4
-14
-19
-23
-23
-43
-46
-46
-46
-55
-65
-60
-77
-71
-87
-83
-91
-93
-94
-100
-115
-127
-126
-133
-146
-147
-152
-151
-156
-162
-173
-172
-179
-175
-190
-182
-189
-196
-198
-195
-205
-210
-208
-215
-214
-208
-221
-216
-222
-215
-229
-232
-229
-236
-232
-245
-240
-254
-264
-248
-248
-250
-258
-264
-255
-255
-259
-261
-266
-268
-264
-265
-264
-275
-272
-258
-270
-263
-269
-269
-256
-260
-266
-274
-271
-267
-268
-264
-254
-261
-255
-252
-251
-254
-254
-240
-241
-249
-235
-241
-229
-222
-231
-226
-221
-208
-213
-212
-199
-204
-191
-198
-196
-183
-173
-173
-170
-156
-162
-147
-147
-134
-133
-121
-117
-109
-106
-90
-83
-77
-74
-57
-63
-54
-47
-30
-25
-21
-10
0
4
8
11
