294
298
320
247
276
290
269
272
272
243
283
225
272
225
243
250
269
272
287
276
225
240
247
232
229
254
207
196
232
254
207
232
210
185
276
232
200
250
225
218
170
116
127
134
167
163
105
138
109
101
134
134
105
134
149
98
527
2665
6371
9630
11201
10987
9714
8277
7139
6390
5753
5244
4749
4386
4222
4200
4233
4331
4222
4095
3858
3589
3276
2927
2611
2273
1934
1658
1196
625
54
-160
-221
-305
-316
-272
-280
-298
-312
-349
-320
-298
-294
-276
-280
-272
-247
-229
-280
-287
-283
-312
-363
-320
-316
-345
-341
-287
-250
-280
-290
-290
-301
-254
-250
-258
-276
-240
-261
-269
-247
-298
-283
-323
-280
-309
-356
-349
-312
-370
-378
-330
-276
-309
-323
-312
-280
-283
-276
-309
-265
-287
-305
-269
-294
-283
-272
-232
-258
-240
-272
-290
-247
-290
-280
-294
-298
-305
-265
-250
-261
-229
-236
-229
-221
-214
-232
-221
-192
-189
-214
-265
-207
-214
-269
-196
-236
-160
-163
-200
-160
-149
-141
-145
-145
-98
-112
-123
-116
-134
-952
-3873
-7633
-10165
-10867
-10437
-9615
-8623
-7582
-6604
-5764
-5095
-4687
-4480
-4371
-4356
-4378
-4371
-4378
-4200
-3960
-3673
-3324
-2982
-2604
-2236
-1934
-1549
-1134
-476
58
214
225
276
309
301
363
280
283
265
283
280
243
229
276
214
218
276
269
301
290
276
330
301
272
316
301
280
283
254
269
236
218
240
240
280
283
294
261
240
232
294
276
301
330
301
305
287
298
316
290
305
330
250
