323
345
341
290
276
298
290
349
330
298
287
272
290
301
280
312
330
298
280
265
280
243
247
221
265
294
210
210
276
203
229
229
214
203
203
185
196
203
225
254
196
243
210
152
167
156
181
243
210
178
174
145
178
149
196
123
123
883
3767
8022
11074
11718
10641
9074
7779
6957
6295
5629
5055
4582
4364
4316
4349
4378
4404
4404
4353
4178
3986
3727
3484
3160
2880
2487
2113
1672
1094
290
-116
-221
-232
-258
-287
-272
-261
-265
-294
-283
-290
-305
-196
-236
-261
-229
-214
-232
-258
-229
-272
-287
-309
-290
-269
-301
-272
-276
-287
-280
-265
-272
-309
-214
-269
-301
-316
-269
-272
-243
-269
-287
-280
-330
-298
-320
-309
-309
-327
-320
-403
-261
-276
-338
-312
-341
-290
-247
-236
-276
-316
-265
-247
-254
-261
-298
-287
-240
-265
-269
-221
-298
-287
-247
-290
-276
-236
-243
-250
-207
-232
-203
-214
-207
-192
-214
-189
-236
-276
-221
-203
-189
-221
-156
-174
-192
-116
-203
-192
-152
-149
-170
-127
-109
-152
-120
-152
-152
-865
-4142
-9361
-13427
-14489
-13256
-11128
-9295
-7870
-6986
-6211
-5408
-4691
-4236
-4066
-4124
-4229
-4335
-4418
-4389
-4236
-3971
-3622
-3324
-3058
-2814
-2524
-2142
-1643
-1131
-541
47
236
309
301
287
370
345
309
338
360
327
290
247
232
225
250
243
280
265
287
287
301
334
360
341
320
283
287
330
338
316
320
261
320
290
276
316
283
301
323
334
283
269
258
360
330
301
356
334
305
330
367
356
