327
320
363
370
312
283
298
323
283
327
276
283
265
280
294
280
272
280
287
294
327
276
280
269
283
272
294
243
247
210
207
269
232
225
185
207
221
200
250
287
269
210
207
203
218
229
203
196
156
181
192
152
181
116
134
163
152
338
1956
5568
8975
10899
11325
10837
9903
8779
7677
6564
5629
4975
4586
4382
4313
4360
4309
4211
4066
3949
3720
3407
3065
2734
2385
2102
1705
1327
807
181
-120
-207
-243
-254
-218
-290
-327
-290
-283
-276
-280
-243
-250
-229
-232
-240
-229
-254
-221
-254
-294
-298
-309
-290
-309
-309
-309
-261
-280
-290
-276
-305
-236
-261
-236
-283
-261
-229
-283
-265
-250
-261
-309
-301
-312
-327
-341
-334
-261
-276
-301
-316
-294
-283
-312
-261
-290
-258
-272
-290
-265
-280
-240
-301
-221
-214
-250
-247
-261
-232
-265
-283
-214
-243
-269
-301
-250
-290
-243
-221
-232
-207
-210
-167
-210
-160
-167
-236
-156
-229
-203
-225
-192
-141
-170
-152
-174
-196
-200
-163
-145
-163
-105
-105
-152
-138
-160
-130
-149
-192
-1134
-3895
-7422
-10074
-11318
-11303
-10343
-8895
-7433
-6128
-5204
-4626
-4320
-4164
-4062
-4080
-4044
-4040
-3869
-3789
-3567
-3360
-3080
-2702
-2393
-2080
-1629
-1189
-658
-40
181
236
294
301
327
276
283
316
294
316
294
301
283
287
240
170
247
221
250
316
316
309
385
363
349
341
305
305
360
323
265
243
250
276
261
309
269
283
298
254
243
261
265
301
283
341
367
334
363
374
352
309
