298
283
280
258
243
283
290
287
261
269
298
280
312
287
280
272
290
269
301
258
254
261
247
232
254
276
280
247
247
221
214
221
225
163
210
174
200
178
214
196
210
170
123
174
200
196
167
149
141
105
152
138
138
170
112
130
487
2618
6131
8917
10070
10201
9790
9063
8026
6880
5782
4953
4426
4160
4106
4207
4287
4324
4280
4127
3833
3560
3244
2924
2574
2316
1996
1614
1232
680
61
-120
-185
-229
-294
-283
-301
-301
-309
-276
-327
-265
-236
-203
-261
-218
-210
-258
-265
-287
-294
-280
-276
-305
-367
-301
-280
-312
-301
-280
-243
-287
-283
-320
-272
-254
-276
-221
-214
-232
-280
-240
-265
-258
-265
-323
-305
-323
-301
-334
-330
-363
-349
-294
-349
-287
-290
-247
-250
-290
-258
-298
-269
-341
-305
-272
-265
-250
-261
-225
-280
-265
-320
-265
-272
-316
-236
-247
-218
-261
-247
-250
-210
-196
-232
-247
-232
-207
-200
-240
-170
-189
-200
-265
-207
-160
-240
-149
-170
-189
-167
-138
-141
-167
-138
-141
-174
-112
-123
-134
-672
-3062
-6713
-9408
-10179
-9906
-9161
-8310
-7430
-6600
-5811
-5168
-4709
-4466
-4360
-4346
-4287
-4226
-4164
-3993
-3731
-3473
-3167
-2829
-2578
-2287
-1869
-1498
-1047
-432
69
141
214
218
221
323
309
327
305
309
276
272
229
214
200
229
236
203
243
276
320
309
349
334
283
290
254
265
283
287
272
280
283
290
269
269
247
272
298
294
258
261
276
312
330
330
320
290
269
280
338
378
360
280
