21
24
27
34
40
48
54
57
73
64
70
80
81
83
94
99
101
114
123
123
135
143
148
149
145
158
159
157
169
177
177
185
180
185
190
204
200
198
190
203
207
209
212
215
219
217
229
223
225
231
235
233
233
241
244
247
246
248
248
254
259
258
258
258
254
254
255
256
263
256
263
261
259
261
267
263
262
262
262
267
266
264
255
250
256
253
252
250
245
238
242
240
239
240
241
228
235
229
228
221
228
218
212
208
209
202
201
200
193
189
179
177
182
178
165
155
150
140
145
134
129
126
118
109
97
94
88
80
76
63
52
47
38
31
29
17
17
7
2
-9
-20
-17
-27
-25
-35
-45
-51
-60
-62
-67
-73
-75
-71
-85
-101
-100
-102
-112
-120
-116
-132
-134
-142
-144
-152
-160
-163
-163
-167
-173
-178
-186
-187
-196
-185
-192
-196
-199
-208
-210
-219
-212
-208
-214
-217
-215
-218
-231
-226
-232
-236
-235
-249
-239
-238
-236
-245
-248
-245
-248
-252
-258
-263
-256
-262
-266
-262
-268
-256
-265
-265
-267
-277
-265
-262
-261
-260
-271
-268
-265
-261
-256
-263
-262
-256
-261
-260
-252
-253
-246
-242
-249
-241
-244
-241
-243
-235
-228
-226
-216
-218
-213
-205
-218
-206
-209
-202
-194
-197
-182
-192
-180
-175
-168
-166
-162
-156
-151
-139
-127
-124
-119
-118
-107
-102
-91
-82
-77
-67
-60
-64
-50
-40
-30
-31
-16
-7
1
9
5
