4
0
2
3
2
-1
-6
-4
0
-7
5
6
2
5
-1
4
-3
1
0
1
5
7
5
5
0
4
-2
-2
7
2
7
2
1
12
2
0
4
4
0
-1
7
-2
-4
-7
-4
7
9
0
8
-2
-1
-4
1
11
1
0
3
8
5
0
7
6
-3
7
3
8
-1
0
7
39
68
95
116
140
152
158
183
183
191
198
193
194
187
170
152
127
120
84
28
-2
-12
-12
-9
-10
-5
-10
-4
-10
-15
-3
-7
-12
-2
1
-7
-11
-12
-11
-8
-5
-6
-5
-4
-6
-10
-5
-7
-5
-2
3
-6
2
-6
-8
2
-6
-7
-8
-11
-12
-8
-5
-11
-2
2
-7
-4
-10
-10
-5
-11
0
-6
-12
-8
-5
-6
-7
0
-3
-7
-5
-3
0
-8
-8
-4
-3
-4
-5
-10
-13
-4
0
-3
-5
-7
-8
-9
-4
-3
-3
-7
-5
-8
-7
-2
-7
-6
-5
-4
1
1
-2
-18
-11
-1
-5
-2
-9
1
0
-7
-5
-1
-13
-9
-8
1
-8
-2
-6
0
-2
1
-2
-14
-27
-48
-81
-106
-135
-144
-180
-182
-202
-211
-219
-218
-202
-205
-192
-179
-157
-154
-120
-100
-51
-6
10
8
8
7
4
10
2
1
4
3
8
8
3
5
0
7
5
1
7
2
1
5
7
12
10
10
7
1
10
5
4
4
10
8
-2
5
12
12
13
10
5
5
8
13
9
7
5
2
10
5
7
