0
1
-3
8
8
7
6
5
15
0
0
7
6
7
-1
7
5
2
7
3
5
10
7
9
8
0
7
5
9
12
9
12
5
0
10
1
0
-1
2
0
-2
10
4
10
7
0
7
7
8
7
0
6
0
5
4
1
8
5
11
4
2
11
5
5
12
34
68
109
143
174
186
196
206
215
216
231
243
238
236
228
226
217
203
180
171
146
121
67
10
-7
-6
-3
-7
-11
-18
-10
-8
-2
-2
-11
-5
-12
-13
-12
-11
-1
-11
-14
-11
-4
-9
-14
-4
-1
-8
-9
-8
-10
-12
-4
-4
-8
-1
-2
-7
-4
-10
-5
-9
-5
-5
-11
-8
-10
-1
-4
-4
-5
-7
-1
-7
-6
1
-10
-9
-9
-10
-7
-10
-2
-8
-10
-1
0
-4
-11
-7
-1
-5
-5
-10
-12
-10
-10
2
-8
-10
-6
-5
2
-2
-3
1
-9
-8
-5
-4
3
-7
-4
-11
-12
-8
-12
1
-5
1
0
-7
0
-10
-11
-3
-2
0
-10
-1
-8
-10
-2
-8
-10
-1
-9
-18
-51
-78
-118
-144
-166
-180
-199
-205
-223
-235
-243
-255
-245
-244
-245
-228
-223
-200
-190
-172
-142
-116
-68
-7
8
12
10
13
16
12
2
4
4
5
7
15
10
12
10
7
15
20
7
7
7
1
7
4
0
-1
6
7
9
11
-1
12
8
6
8
8
1
2
3
10
7
7
9
6
5
14
6
8
5
7
4
