8
10
8
1
0
4
11
14
5
3
0
0
7
6
0
-3
1
8
7
2
3
2
12
2
5
7
5
2
-1
4
1
-1
0
1
7
4
2
4
2
5
3
2
5
5
11
13
10
6
-6
6
-4
-3
1
4
4
7
3
-1
-1
5
9
1
0
18
54
93
127
153
171
179
194
215
223
226
226
226
241
251
252
236
226
215
187
180
159
132
108
55
4
-6
-8
-7
-18
-9
-6
-13
-3
-4
-7
-6
-6
-5
-15
-4
-8
-8
-4
-6
-7
-10
-11
-7
-5
-10
-4
-15
-7
-10
-7
-12
-10
-10
-11
-5
-3
-11
-5
-11
-7
-13
-4
-10
-8
-4
-9
-8
-7
-11
-4
-8
-7
-5
-10
-6
-7
-5
-4
-1
-7
-2
1
-2
-11
-5
-7
-11
-8
-7
-10
-13
-8
-7
-11
-5
-6
-6
-7
-8
-8
-2
-1
-3
-10
-7
-5
-9
-13
-8
-11
-5
-5
-5
-14
-6
-5
0
-5
0
-1
-9
-8
-5
-7
-6
-10
-4
-8
0
-4
-10
-5
-3
-7
-25
-51
-81
-119
-137
-159
-173
-196
-203
-213
-213
-220
-235
-230
-237
-240
-236
-229
-211
-192
-178
-161
-136
-106
-44
-12
5
3
12
8
3
9
6
4
14
10
10
13
11
13
6
4
15
12
3
5
10
7
4
13
0
7
0
3
7
1
12
8
2
9
8
2
3
2
7
6
14
8
4
5
0
3
7
4
8
4
5
