305
323
374
363
294
294
294
265
316
334
327
327
349
320
283
298
320
305
283
330
283
272
345
316
280
254
290
261
254
261
280
254
236
240
210
218
214
232
229
203
189
196
207
221
210
185
225
167
200
130
156
156
189
120
145
127
454
2854
7772
11747
12740
11587
9921
8324
7059
6008
5091
4437
3938
3789
3731
3818
3935
3975
3993
3967
3804
3538
3284
2982
2767
2425
2098
1822
1472
956
203
-149
-196
-196
-185
-287
-283
-280
-276
-247
-272
-218
-232
-232
-138
-178
-218
-229
-214
-225
-203
-272
-330
-320
-309
-334
-323
-229
-265
-236
-207
-261
-185
-247
-261
-323
-305
-276
-283
-247
-309
-254
-247
-261
-221
-287
-305
-352
-276
-330
-349
-323
-345
-305
-327
-298
-290
-276
-210
-240
-225
-316
-280
-247
-290
-269
-276
-229
-276
-265
-287
-254
-261
-301
-240
-276
-254
-261
-254
-272
-254
-221
-229
-203
-189
-210
-167
-192
-160
-152
-163
-185
-203
-178
-192
-160
-196
-163
-120
-156
-134
-160
-181
-152
-156
-127
-156
-138
-138
-145
-418
-2800
-8048
-12339
-13034
-11347
-9255
-7652
-6590
-5662
-5069
-4498
-4026
-3800
-3782
-3771
-3847
-3891
-3884
-3826
-3658
-3447
-3167
-2920
-2593
-2356
-2054
-1738
-1327
-694
-3
232
225
232
258
309
258
298
294
298
290
243
203
214
221
298
232
229
250
232
294
345
320
352
410
352
356
309
323
276
247
210
178
280
320
298
265
301
305
254
312
301
269
301
265
261
330
334
334
341
356
396
374
370
