22
25
33
42
48
52
55
56
63
64
70
79
87
94
95
101
100
108
116
120
124
136
134
145
147
154
159
166
174
174
169
180
190
185
192
198
201
203
208
202
215
221
224
226
216
225
229
233
238
236
241
236
241
249
246
246
247
254
251
255
257
262
259
264
269
274
266
271
263
271
265
265
271
272
270
270
266
263
266
265
265
266
270
271
266
259
260
262
258
254
256
258
251
251
244
236
238
237
232
228
224
225
213
210
210
204
210
196
192
190
180
180
173
164
160
156
144
138
132
132
126
117
109
104
101
93
78
68
65
63
48
38
26
21
22
10
4
-5
-6
-15
-24
-27
-32
-41
-40
-45
-55
-65
-68
-71
-67
-81
-83
-91
-100
-104
-110
-117
-129
-126
-131
-139
-152
-153
-150
-162
-164
-175
-170
-182
-183
-195
-186
-200
-191
-200
-204
-207
-210
-206
-216
-211
-211
-219
-221
-229
-233
-231
-225
-228
-231
-236
-251
-241
-244
-248
-246
-256
-255
-251
-262
-257
-260
-255
-261
-266
-265
-268
-267
-272
-272
-266
-269
-273
-262
-263
-269
-260
-264
-271
-269
-259
-258
-266
-262
-259
-260
-251
-255
-250
-250
-259
-251
-246
-248
-236
-252
-233
-228
-231
-226
-229
-219
-210
-206
-205
-207
-186
-192
-188
-182
-177
-169
-165
-156
-157
-145
-138
-136
-134
-120
-114
-109
-99
-87
-86
-78
-77
-61
-63
-54
-42
-35
-25
-17
-4
-8
10
17
15
