1
5
2
1
1
1
7
8
8
7
1
4
1
4
3
7
5
1
11
7
1
4
7
5
5
0
7
2
9
5
0
0
1
4
5
2
10
3
10
4
10
5
5
4
7
3
4
2
2
9
6
8
2
4
7
2
0
11
0
7
2
15
61
105
145
170
187
203
212
217
226
226
232
236
241
256
248
255
249
244
240
233
208
186
169
146
117
58
-2
-6
-16
-9
-3
-7
-1
0
-13
-7
-11
-7
-6
-11
-10
-17
-14
-14
-8
-4
-16
-12
-3
-10
-4
-17
-10
-3
-5
-11
-9
-12
-7
-3
0
-12
-5
-14
-9
-7
-15
-17
-12
-4
-10
-8
-4
-3
-9
-10
-3
0
-8
-7
-2
-8
-7
-12
-2
-1
-9
-4
-14
-9
-12
-8
-4
-14
-4
-2
-8
-2
-7
0
-5
-6
-4
-5
-9
-9
-5
-3
-14
2
0
-9
-6
-17
-5
-2
-9
-6
-5
1
-7
-8
-5
-4
-4
-3
-6
-6
-8
-1
-8
-7
-11
-12
-7
-12
-1
-8
-8
-11
-52
-96
-137
-152
-182
-195
-214
-225
-232
-235
-235
-252
-249
-266
-260
-258
-259
-251
-241
-221
-208
-190
-166
-140
-94
-35
5
9
6
13
7
7
2
6
7
7
12
1
2
8
11
5
9
4
10
5
5
-1
11
14
7
4
5
8
3
7
21
8
0
4
2
0
3
5
17
10
11
9
7
8
9
8
7
7
14
9
8
5
