323
298
320
247
247
272
240
218
280
261
240
287
247
247
265
272
283
229
240
240
261
250
229
207
210
185
236
240
210
236
181
181
214
156
185
152
167
214
210
203
200
174
185
156
152
160
123
156
185
185
200
189
149
160
152
109
141
556
2556
6175
9830
11878
12089
10987
9132
7139
5666
4778
4546
4549
4527
4506
4462
4469
4389
4291
4200
4004
3695
3258
2829
2462
2134
1858
1414
901
345
-80
-196
-210
-283
-287
-320
-269
-312
-320
-290
-280
-225
-203
-221
-232
-240
-210
-243
-247
-280
-309
-290
-312
-290
-352
-305
-349
-290
-290
-280
-261
-218
-258
-298
-269
-276
-265
-258
-280
-265
-341
-290
-309
-341
-320
-327
-309
-367
-294
-363
-352
-341
-312
-330
-367
-254
-272
-265
-276
-269
-312
-334
-250
-280
-243
-250
-290
-309
-345
-298
-312
-276
-305
-312
-298
-301
-229
-225
-254
-258
-229
-269
-272
-261
-210
-210
-229
-240
-218
-272
-258
-221
-203
-189
-189
-207
-210
-185
-174
-181
-200
-200
-149
-203
-156
-127
-94
-101
-120
-167
-1040
-3764
-7612
-10707
-12019
-11536
-9972
-7957
-6415
-5462
-5022
-4855
-4724
-4586
-4491
-4411
-4240
-4207
-4138
-4029
-3826
-3567
-3236
-2931
-2542
-2145
-1709
-1265
-698
-94
200
232
214
272
283
203
287
290
301
294
261
276
276
232
229
240
250
236
290
341
330
298
272
305
280
320
334
265
323
290
272
247
247
280
312
261
276
247
250
294
261
276
276
269
320
294
327
334
283
232
287
312
323
