5
6
4
4
4
11
10
2
10
12
4
8
6
10
3
2
7
7
10
3
5
7
3
5
8
4
5
0
1
2
2
8
5
2
9
-2
2
-1
10
11
1
12
11
1
1
1
4
1
4
1
4
5
6
7
9
4
10
7
0
5
1
2
11
35
64
101
122
146
165
182
196
205
201
222
219
222
224
222
217
218
204
192
167
149
131
87
33
-1
-5
-8
-5
-14
-12
-10
-8
-11
-14
-8
-18
-9
-2
-6
-5
-10
-11
-8
-7
-7
-9
-8
-8
-9
-1
-5
-12
-15
-12
-10
-7
-7
-3
-7
-4
-11
-7
-10
-7
-10
-9
-4
-5
-6
0
-1
0
-3
1
1
-2
0
-5
-11
-5
-8
-5
-7
-4
-8
-11
-6
-8
-9
-2
-5
-2
-12
1
-8
-8
1
-1
1
2
-2
-1
-15
-2
-6
-2
-5
-10
0
4
-2
-1
-4
-6
-9
-8
-1
-2
-5
-7
-13
-10
-7
-4
-8
-1
-2
-2
-1
-11
-4
-1
-7
-10
-9
-17
-5
-1
-5
-10
-35
-68
-109
-127
-149
-177
-190
-204
-212
-222
-228
-237
-241
-231
-242
-228
-225
-211
-197
-185
-160
-133
-103
-32
0
7
2
3
-1
9
13
8
7
14
10
4
3
2
6
5
8
10
5
4
5
7
5
3
0
2
4
6
8
7
11
10
7
10
8
5
1
0
11
6
8
11
5
6
5
3
6
5
4
7
8
12
7
