327
341
269
258
309
272
210
258
210
272
316
298
323
272
283
283
269
240
236
232
261
203
189
243
243
229
294
243
247
236
167
210
185
214
225
178
167
221
192
218
167
170
174
127
160
156
134
192
145
116
185
170
160
130
65
90
309
2040
5975
9659
11343
11274
10394
9339
8408
7521
6535
5604
4953
4549
4335
4244
4236
4218
4196
4156
4007
3789
3520
3273
2989
2644
2349
1996
1534
1018
381
-83
-152
-283
-312
-276
-254
-316
-327
-283
-305
-294
-276
-258
-276
-330
-250
-269
-269
-309
-301
-287
-320
-283
-305
-345
-338
-327
-320
-301
-269
-294
-312
-334
-290
-247
-363
-341
-316
-250
-290
-265
-309
-330
-301
-363
-334
-345
-356
-320
-378
-341
-360
-338
-363
-316
-298
-261
-305
-287
-298
-294
-287
-323
-327
-280
-294
-290
-327
-258
-287
-330
-341
-280
-258
-294
-254
-214
-210
-210
-225
-229
-236
-203
-196
-258
-280
-185
-178
-254
-265
-247
-272
-225
-200
-178
-229
-196
-221
-170
-178
-200
-196
-167
-90
-120
-225
-152
-185
-127
-760
-3593
-8215
-11947
-13176
-12154
-10212
-8488
-7233
-6386
-5782
-5284
-4833
-4455
-4215
-4124
-4142
-4156
-4149
-4073
-3873
-3738
-3465
-3102
-2749
-2396
-2087
-1734
-1229
-741
-47
200
189
254
280
265
290
258
272
272
298
276
269
240
254
280
221
261
240
232
225
265
294
254
265
309
312
312
316
272
298
276
232
254
247
247
236
236
258
312
276
229
287
280
294
320
309
287
316
301
309
327
334
345
