356
352
323
312
269
276
290
290
320
298
320
309
265
356
294
280
323
327
341
294
309
290
323
294
290
225
247
250
232
240
240
283
261
221
276
294
269
225
229
236
243
196
189
192
192
207
218
210
200
167
163
170
185
170
181
178
825
3415
7495
11117
12914
12587
10801
8713
7106
6073
5342
4880
4571
4360
4342
4298
4291
4276
4240
4106
3902
3647
3393
3065
2800
2494
2153
1738
1320
763
112
-152
-196
-221
-294
-301
-301
-345
-305
-334
-269
-287
-192
-232
-218
-181
-218
-203
-240
-283
-320
-323
-330
-338
-301
-276
-276
-301
-312
-240
-272
-240
-272
-261
-250
-272
-243
-280
-283
-287
-236
-265
-261
-254
-280
-287
-338
-330
-258
-352
-272
-287
-312
-327
-323
-298
-294
-287
-272
-272
-272
-210
-232
-240
-276
-250
-247
-258
-276
-287
-316
-269
-240
-221
-280
-218
-320
-298
-258
-225
-240
-254
-207
-236
-221
-207
-247
-225
-200
-170
-207
-192
-174
-181
-192
-152
-94
-163
-174
-130
-196
-141
-181
-141
-156
-170
-116
-109
-138
-174
-807
-3451
-7539
-11048
-12700
-12194
-10226
-8099
-6542
-5640
-5098
-4698
-4397
-4196
-4113
-4098
-4156
-4196
-4167
-4084
-3876
-3593
-3287
-2924
-2600
-2258
-1865
-1498
-978
-374
76
189
207
272
298
298
320
261
298
290
261
272
276
276
283
283
240
221
261
309
287
341
290
323
312
330
309
301
276
287
280
316
290
265
258
280
258
258
261
280
287
276
294
312
334
334
323
367
290
316
323
334
338
349
