6
1
0
2
11
17
5
4
2
4
8
5
7
3
-2
1
9
7
2
1
5
5
8
3
8
5
0
6
10
8
10
0
10
6
4
10
4
1
5
5
1
1
7
-4
2
10
6
1
4
5
10
6
4
7
4
12
8
8
8
6
2
0
6
21
50
77
101
127
150
175
188
196
203
209
212
218
223
225
222
219
212
202
185
169
143
109
58
8
-3
0
-6
-9
-11
0
-8
-11
2
-3
-10
-10
-9
-2
-7
-6
-1
-7
-7
-2
-8
1
-9
-8
-13
-14
1
0
-8
-7
-4
-6
-4
-2
-12
-2
-5
-5
-9
-12
-10
-10
-8
-10
-10
-5
-12
-6
-8
-3
-7
-6
1
-10
-10
-2
0
1
0
-11
-4
-11
-2
-6
-9
0
-1
1
3
-5
0
-11
1
-4
-8
-7
-9
-8
-3
-5
-5
-7
-2
-12
-7
-1
-5
0
-9
3
1
-14
-7
-5
-2
-2
-5
2
-2
-3
-6
-6
-1
-1
-5
-1
-8
-9
-11
-2
-2
-7
0
-9
-13
-34
-54
-80
-115
-133
-155
-175
-198
-200
-211
-214
-223
-233
-232
-238
-239
-225
-222
-202
-189
-170
-146
-106
-44
-1
3
6
11
14
11
10
14
10
14
13
-1
1
-1
2
14
8
2
8
4
8
-4
4
8
1
4
5
7
2
0
8
11
5
1
1
6
1
8
5
0
3
4
5
4
7
5
2
5
14
7
6
6
4
