8
12
7
5
-6
10
8
4
4
5
5
4
11
6
1
6
7
9
2
3
14
11
1
8
4
9
2
1
2
3
11
14
11
4
7
14
12
5
7
1
6
4
8
10
1
2
5
-1
8
10
11
6
7
8
2
11
10
4
5
6
1
7
27
58
104
133
149
171
190
196
219
221
216
222
226
232
248
242
242
231
231
225
206
176
160
136
95
30
-5
-8
-5
-11
-10
-9
-11
-9
-12
-7
-7
-7
-4
-15
-9
-7
-18
-4
-5
-5
-5
-10
-7
-6
-5
-3
-4
4
-4
-8
-4
-8
-4
-8
-8
-8
-11
-8
-12
-13
-13
-9
-9
-9
-2
-7
-10
-7
-5
-6
-5
0
-2
-9
-6
-10
-5
-5
-6
-4
-4
-8
-3
-9
-3
-10
-14
-7
-4
-13
-10
-10
-14
-11
-9
-17
-9
-4
-3
-4
-12
-11
-2
-4
0
-6
1
-1
-7
-1
-4
-3
-12
-5
-1
0
0
-9
0
1
-10
0
-10
-8
0
-6
-9
-5
-2
-7
-11
-2
-4
-12
-33
-75
-101
-133
-151
-179
-191
-207
-220
-226
-242
-242
-241
-238
-237
-246
-238
-236
-223
-208
-199
-186
-156
-123
-90
-20
2
-3
5
2
7
8
10
11
8
5
8
10
4
1
16
11
9
11
4
5
8
-4
7
9
10
5
0
10
4
4
7
-3
6
0
4
7
4
15
2
3
6
8
6
10
4
7
6
6
8
3
2
7
