12
14
27
33
44
50
59
65
78
74
78
84
83
93
99
103
110
113
116
123
127
135
140
150
149
155
165
172
177
180
177
185
191
200
199
205
203
208
213
215
221
223
226
225
233
232
234
248
239
251
250
248
247
254
256
258
254
260
262
262
264
266
271
275
274
266
275
285
282
284
281
279
274
275
278
278
282
275
281
281
272
275
274
278
269
271
268
270
264
270
269
265
252
255
263
260
246
241
250
238
233
228
232
220
216
215
211
206
202
196
190
193
180
179
173
165
156
149
140
138
134
124
113
111
103
91
83
81
77
64
65
52
40
31
29
17
10
-1
-2
-13
-18
-22
-33
-36
-47
-54
-65
-68
-72
-84
-75
-86
-87
-97
-97
-106
-107
-114
-120
-132
-135
-148
-141
-157
-156
-169
-171
-183
-180
-188
-189
-196
-192
-196
-206
-205
-214
-213
-216
-213
-216
-225
-221
-228
-238
-232
-239
-243
-245
-251
-243
-251
-252
-259
-259
-256
-265
-262
-273
-272
-262
-271
-269
-266
-271
-271
-278
-285
-275
-287
-282
-278
-287
-287
-278
-280
-268
-270
-274
-278
-279
-275
-270
-282
-269
-273
-271
-263
-267
-268
-271
-272
-258
-255
-256
-252
-251
-244
-249
-236
-224
-232
-219
-223
-212
-210
-222
-208
-201
-191
-189
-182
-181
-173
-163
-162
-153
-160
-144
-133
-132
-124
-114
-115
-106
-102
-87
-92
-71
-65
-55
-48
-37
-26
-26
-16
-13
1
7
11
