367
338
265
269
236
247
261
309
290
301
236
236
280
305
309
312
305
243
265
294
280
272
269
243
229
240
221
247
247
196
207
218
192
200
192
156
203
203
170
210
141
160
174
138
189
134
160
178
120
130
98
127
141
134
138
123
305
1811
5360
9128
10921
10685
9412
8190
7302
6600
6008
5389
4858
4546
4327
4229
4207
4196
4095
3942
3753
3585
3295
3022
2753
2451
2043
1647
1138
509
-61
-178
-258
-261
-312
-323
-334
-276
-287
-334
-283
-287
-203
-214
-225
-254
-218
-225
-225
-250
-352
-312
-258
-298
-294
-261
-258
-261
-290
-250
-290
-258
-261
-290
-312
-240
-250
-247
-240
-250
-280
-261
-269
-283
-338
-330
-323
-338
-356
-352
-327
-338
-265
-283
-305
-320
-265
-265
-283
-258
-265
-301
-323
-254
-280
-298
-269
-236
-247
-290
-258
-261
-290
-301
-290
-261
-309
-218
-218
-243
-290
-207
-229
-236
-210
-160
-192
-170
-196
-178
-203
-152
-192
-200
-203
-189
-170
-181
-170
-189
-178
-130
-192
-207
-185
-149
-123
-178
-105
-98
-465
-2680
-6382
-9477
-10874
-11099
-10565
-9586
-8306
-6961
-5833
-5015
-4433
-4193
-4149
-4171
-4258
-4262
-4215
-4091
-3873
-3560
-3207
-2887
-2564
-2193
-1843
-1487
-1058
-498
25
130
229
214
258
316
309
323
258
261
247
280
243
258
214
232
287
225
254
272
301
363
327
320
272
258
236
247
316
327
360
320
327
272
283
290
283
280
280
258
236
250
298
305
301
301
298
320
309
356
309
356
309
247
