8
5
2
3
5
8
12
0
0
8
6
1
0
11
5
4
2
2
1
3
3
10
1
7
6
13
11
13
0
3
-5
4
6
1
8
6
9
9
1
8
8
2
0
3
5
4
3
8
2
2
1
-2
5
5
8
5
12
7
5
6
3
-1
7
28
61
94
122
148
162
182
189
198
206
209
227
226
225
229
225
221
219
203
185
170
144
124
77
22
-2
-15
-11
-8
-12
-2
1
-1
-9
-15
-6
-4
-9
-1
-11
-12
-8
-7
-15
-6
-10
-10
-14
-8
-5
-1
-10
-12
-9
-10
-1
-9
-8
-12
-3
0
-4
-5
-5
-6
-9
-12
-7
-16
-8
-10
-13
-10
-14
-5
-10
-6
-2
-4
1
-1
-14
-10
-10
0
-7
-17
-8
-10
-9
-8
-5
-5
-12
-10
-5
-8
-7
-9
-5
-11
-6
-7
-7
0
-9
-7
-1
-3
-11
-12
-4
3
-1
-3
-9
-7
4
0
2
-8
-4
-4
-12
-1
-2
-1
-10
-11
-3
-10
1
3
-10
-3
-8
-5
-7
1
-2
-35
-58
-97
-129
-157
-162
-189
-191
-211
-214
-220
-225
-225
-233
-226
-233
-222
-218
-207
-177
-167
-146
-117
-60
-11
6
3
12
7
1
8
1
0
17
5
8
15
8
3
0
9
7
4
7
5
7
9
5
7
2
8
11
4
7
14
0
6
8
8
4
3
2
-2
6
5
2
8
11
10
8
7
13
7
2
12
7
11
