2
7
2
7
9
8
10
2
8
8
1
10
10
6
8
4
0
6
5
4
2
6
1
-2
7
7
2
1
2
2
1
10
4
4
2
-3
1
5
1
5
-4
2
10
-1
7
6
5
2
7
-1
-2
-2
2
-3
2
-2
0
-1
0
8
7
7
3
2
18
33
64
96
127
143
160
179
182
192
203
211
226
232
239
241
231
220
205
202
173
150
127
80
20
-5
-2
-5
-5
-8
-8
-5
-6
-9
-12
-12
-10
-8
-1
-7
-1
-3
-18
-10
-14
-12
-5
-2
-1
-11
-6
-5
-8
-3
-10
-16
-7
-5
-10
-1
2
-4
-1
-5
-11
-8
-8
-7
-7
-8
0
-2
-4
-2
-5
-1
-5
-8
-2
0
-7
-10
-15
-6
-14
-7
-8
-4
-2
-2
-6
-15
-12
-10
-7
-2
-10
-10
-8
-6
-2
-6
-6
-8
-18
-4
-11
1
-7
-4
2
-5
-10
-5
-13
-7
-7
-5
-1
-14
-10
-6
-2
-4
-8
1
-6
-6
-3
-7
-5
-4
-3
-8
-14
-7
-1
-2
-4
-7
-28
-70
-93
-130
-144
-165
-173
-193
-203
-219
-225
-233
-242
-245
-249
-245
-226
-222
-209
-195
-179
-148
-116
-77
-15
1
5
5
13
7
1
5
8
4
14
11
16
3
3
11
8
4
1
3
12
11
7
10
4
9
12
8
5
1
10
5
9
5
6
8
1
8
10
8
10
6
6
6
3
11
11
3
-2
3
12
1
