10
22
22
24
25
35
45
50
60
65
70
77
80
88
92
99
96
107
117
114
123
129
130
140
148
148
159
173
175
172
179
180
186
188
187
185
196
195
201
199
205
216
215
220
221
221
225
223
231
233
230
231
233
241
242
248
243
251
250
256
256
261
259
256
259
265
276
265
268
265
264
261
263
261
271
264
265
256
262
259
261
259
259
262
261
256
254
252
248
249
252
244
248
242
238
236
232
232
225
221
219
220
225
213
206
205
204
203
190
188
180
176
176
174
169
151
148
139
136
126
123
124
120
110
99
92
91
87
73
65
56
45
45
34
23
24
9
2
-2
-4
-14
-13
-17
-27
-38
-44
-57
-60
-67
-68
-71
-86
-76
-87
-91
-97
-109
-116
-116
-121
-128
-136
-136
-144
-149
-164
-171
-176
-167
-176
-182
-183
-183
-188
-195
-198
-200
-204
-206
-210
-209
-215
-210
-221
-216
-235
-227
-229
-227
-224
-246
-237
-241
-248
-243
-246
-244
-252
-248
-257
-265
-263
-261
-262
-260
-269
-265
-257
-265
-255
-266
-269
-264
-264
-266
-271
-263
-261
-265
-264
-262
-265
-256
-256
-257
-254
-259
-255
-252
-251
-243
-247
-245
-238
-231
-225
-228
-226
-226
-225
-219
-217
-212
-212
-204
-203
-199
-195
-199
-192
-183
-180
-173
-167
-166
-159
-149
-146
-138
-137
-126
-126
-116
-115
-97
-93
-89
-90
-77
-74
-64
-54
-47
-33
-33
-20
-14
-5
-1
4
