341
341
334
280
280
276
254
280
236
287
272
254
312
316
312
312
294
301
272
294
305
240
261
294
221
283
261
225
243
240
240
232
232
196
203
200
243
247
225
280
203
240
232
134
170
203
156
203
141
167
160
145
160
90
130
163
98
196
1174
4189
7779
10485
11754
11539
10023
7895
6149
5098
4662
4629
4604
4567
4487
4487
4524
4426
4229
3960
3767
3509
3215
2836
2458
2116
1756
1352
916
283
-112
-229
-258
-269
-312
-298
-283
-265
-320
-280
-229
-192
-243
-254
-243
-196
-178
-258
-276
-236
-294
-294
-320
-312
-283
-265
-290
-312
-276
-250
-232
-247
-250
-221
-323
-298
-287
-258
-272
-261
-265
-320
-236
-330
-338
-367
-316
-316
-352
-334
-349
-327
-374
-305
-330
-341
-298
-247
-250
-269
-283
-290
-316
-258
-309
-283
-276
-258
-240
-247
-225
-298
-265
-265
-218
-229
-210
-218
-247
-174
-185
-185
-225
-225
-225
-178
-229
-203
-185
-181
-232
-214
-247
-229
-203
-156
-192
-218
-163
-134
-160
-181
-149
-145
-170
-101
-160
-105
-141
-643
-3178
-7459
-11059
-12787
-12754
-11194
-8990
-7190
-6004
-5491
-5211
-5058
-4884
-4717
-4564
-4433
-4378
-4284
-4178
-4007
-3771
-3411
-3022
-2694
-2360
-1989
-1629
-1207
-709
-80
156
276
250
298
305
283
349
312
261
287
294
254
320
272
290
272
294
261
287
330
290
280
309
272
269
345
323
341
349
265
225
232
265
250
298
258
309
258
247
305
272
283
327
298
330
341
298
349
396
349
374
381
