316
349
327
287
290
269
290
265
240
283
247
196
247
250
243
221
236
254
305
290
265
247
200
236
247
272
229
243
218
221
254
210
210
240
181
200
203
210
170
221
196
207
149
105
152
112
174
167
120
152
156
156
174
116
94
145
1258
4782
9244
11994
12296
10972
9241
7859
6826
6080
5488
4898
4495
4222
4073
4106
4116
4196
4193
4106
4004
3804
3549
3167
2814
2494
2145
1782
1302
643
0
-178
-210
-250
-290
-320
-280
-312
-294
-294
-247
-250
-261
-214
-250
-203
-200
-276
-254
-287
-309
-349
-341
-323
-360
-240
-327
-327
-323
-312
-323
-287
-247
-341
-294
-287
-236
-272
-312
-290
-290
-305
-320
-312
-352
-360
-309
-345
-356
-389
-320
-352
-316
-312
-334
-305
-305
-240
-312
-312
-305
-287
-272
-323
-280
-338
-298
-276
-305
-283
-367
-301
-280
-243
-287
-236
-214
-272
-243
-269
-250
-214
-250
-207
-225
-189
-232
-210
-218
-243
-243
-254
-225
-218
-210
-185
-218
-218
-221
-203
-200
-185
-174
-200
-160
-207
-185
-192
-189
-352
-2225
-6502
-10794
-12841
-12416
-10736
-9030
-7892
-6957
-6277
-5600
-5062
-4684
-4440
-4382
-4458
-4557
-4589
-4520
-4397
-4153
-3880
-3575
-3276
-2916
-2538
-2160
-1796
-1276
-661
0
185
214
287
294
320
316
287
323
283
276
301
272
247
254
240
229
276
301
309
338
298
345
320
294
272
254
283
327
305
276
280
258
283
309
269
312
290
261
283
283
320
287
312
309
290
320
301
345
374
352
312
341
341
