309
312
294
298
261
290
334
312
261
280
261
320
298
294
283
269
250
276
261
301
243
265
287
294
250
232
269
243
254
247
250
250
196
232
225
218
250
225
229
265
218
214
185
167
200
156
138
200
200
167
156
145
149
94
134
134
160
840
3567
7561
10496
11212
10266
8844
7535
6706
6029
5437
4935
4582
4429
4320
4335
4324
4284
4160
3935
3720
3429
3149
2840
2491
2218
1887
1458
978
403
-32
-156
-178
-218
-287
-312
-265
-305
-327
-280
-287
-258
-272
-210
-232
-229
-214
-240
-247
-280
-294
-309
-334
-280
-280
-250
-301
-305
-269
-309
-243
-298
-283
-243
-229
-272
-301
-316
-298
-243
-214
-229
-265
-290
-232
-312
-272
-298
-290
-323
-378
-360
-309
-294
-290
-290
-301
-276
-298
-334
-283
-294
-276
-258
-280
-265
-258
-258
-290
-243
-250
-287
-232
-232
-265
-261
-265
-225
-247
-254
-240
-167
-229
-258
-240
-247
-185
-229
-170
-247
-218
-207
-229
-167
-229
-185
-163
-196
-120
-218
-170
-152
-134
-134
-152
-105
-123
-116
-134
-127
-905
-3687
-7535
-10103
-10703
-10045
-8906
-7793
-6910
-6026
-5353
-4767
-4469
-4316
-4295
-4302
-4335
-4284
-4131
-3949
-3709
-3422
-3160
-2844
-2494
-2156
-1800
-1360
-872
-312
109
203
247
316
298
283
341
294
323
327
276
250
240
196
250
265
189
240
265
265
298
330
290
290
261
294
309
334
276
236
312
298
254
247
261
240
323
316
294
258
258
283
294
276
283
290
312
327
276
298
301
301
345
