309
370
309
261
327
316
283
327
265
298
265
243
225
250
261
250
225
250
258
214
261
276
247
200
247
261
243
236
192
185
240
232
196
221
196
160
261
225
156
196
192
185
149
138
181
178
160
138
145
156
160
160
185
170
94
123
112
236
1498
4600
8212
10652
11510
10957
9364
7422
5819
4906
4578
4567
4695
4655
4651
4546
4400
4240
4047
3818
3600
3305
3000
2709
2356
1956
1563
1105
498
7
-189
-225
-287
-280
-305
-396
-356
-334
-261
-320
-261
-225
-221
-192
-243
-210
-258
-258
-254
-320
-283
-389
-316
-330
-287
-280
-312
-261
-265
-269
-305
-232
-287
-301
-265
-280
-276
-330
-316
-294
-341
-298
-323
-276
-301
-349
-345
-309
-320
-316
-345
-341
-276
-309
-290
-269
-272
-240
-320
-280
-298
-301
-247
-243
-276
-283
-330
-290
-280
-247
-232
-240
-272
-243
-272
-218
-272
-269
-221
-250
-221
-261
-232
-258
-290
-207
-225
-181
-232
-189
-221
-229
-207
-210
-174
-203
-189
-167
-156
-178
-181
-112
-145
-196
-123
-170
-145
-203
-265
-1712
-5240
-9368
-12350
-13412
-12641
-10852
-8753
-6808
-5404
-4742
-4640
-4775
-4884
-4898
-4844
-4771
-4687
-4520
-4258
-3935
-3691
-3345
-2982
-2636
-2316
-1909
-1549
-1105
-363
87
210
265
250
287
349
323
345
276
265
283
243
225
265
269
261
247
305
309
272
305
330
323
345
349
305
323
280
320
309
221
236
287
272
294
305
258
258
301
290
338
301
349
309
290
312
349
320
309
345
345
330
290
