320
334
309
200
265
327
290
276
258
232
290
269
301
280
265
229
269
287
225
200
280
334
276
261
269
225
232
232
247
229
170
243
229
218
203
174
207
247
221
236
207
127
189
203
196
185
138
149
163
130
138
156
174
181
134
160
160
749
3145
7019
10426
12107
11958
10503
8539
6590
5164
4437
4204
4262
4397
4469
4506
4466
4389
4291
4109
3884
3611
3284
2989
2636
2287
1902
1483
996
356
-138
-225
-243
-305
-287
-309
-338
-301
-352
-334
-316
-258
-250
-240
-229
-232
-185
-236
-290
-287
-240
-261
-283
-272
-345
-312
-305
-272
-320
-247
-243
-280
-312
-338
-247
-276
-290
-225
-243
-283
-298
-265
-312
-290
-287
-323
-287
-327
-287
-316
-341
-312
-312
-301
-334
-312
-356
-320
-272
-316
-280
-294
-301
-290
-276
-265
-261
-240
-276
-258
-261
-309
-330
-298
-254
-276
-283
-290
-210
-287
-232
-210
-240
-185
-229
-243
-269
-229
-229
-236
-174
-203
-170
-207
-152
-174
-207
-127
-185
-174
-160
-152
-167
-167
-145
-109
-123
-130
-138
-341
-2145
-5917
-9954
-12758
-13547
-12572
-10525
-8048
-6048
-4775
-4313
-4356
-4498
-4520
-4498
-4440
-4407
-4324
-4189
-3993
-3749
-3473
-3098
-2774
-2447
-2062
-1672
-1283
-723
-130
185
185
247
283
258
298
330
301
283
309
236
298
276
261
250
250
243
283
309
349
320
294
305
298
294
327
301
309
283
261
298
301
221
294
298
316
316
269
280
261
283
290
327
345
338
385
389
309
323
305
323
309
301
