7
10
3
4
-2
2
15
5
10
10
9
9
8
5
12
3
0
2
4
12
7
5
5
8
9
2
12
10
4
9
8
12
14
3
10
11
5
-4
0
5
9
11
7
-2
3
4
7
9
14
8
10
1
11
4
7
6
8
10
11
0
19
64
117
151
177
195
209
216
222
226
235
241
246
244
247
248
240
238
232
223
218
208
189
164
150
99
31
0
-11
-9
-5
-14
-11
0
-8
-7
-7
-7
-8
-9
-7
-8
-2
-11
-10
-4
-8
-2
-10
-12
-11
-9
-14
-4
-1
-4
-10
-11
-8
-7
0
-8
-10
-14
-6
-6
-10
-8
-8
-14
-12
-12
-2
-6
-2
-5
-14
-5
-7
-9
-3
-12
-8
-7
-2
-12
-11
-4
-5
-7
-12
-9
-2
-12
-7
-3
-5
-2
-10
0
-2
-10
-10
-11
-4
-5
-9
-5
-3
-8
-6
0
-1
-2
0
-7
-6
-1
-7
-4
-14
-8
-6
-12
-5
-15
-13
-5
-6
-5
-7
-7
-1
-1
-1
-7
-2
-12
-7
-6
-41
-94
-138
-161
-192
-203
-220
-223
-228
-236
-246
-254
-255
-267
-268
-262
-257
-251
-237
-234
-220
-207
-179
-160
-136
-86
-21
1
12
8
8
8
4
14
4
13
5
3
10
15
10
12
0
5
6
10
15
7
11
10
8
5
4
11
8
8
5
6
10
2
10
9
5
7
11
7
6
5
11
12
4
4
8
2
12
8
9
8
7
4
