374
367
363
305
323
334
290
316
341
330
338
276
290
330
309
294
338
356
352
360
323
341
261
269
247
280
309
287
272
243
210
261
283
221
247
236
225
272
250
229
247
225
203
207
221
240
196
167
221
200
160
174
160
225
156
163
160
618
3153
7364
10910
12209
11336
9703
8164
7030
6259
5578
5062
4586
4276
4138
4116
4120
4211
4138
4062
3858
3618
3320
3007
2796
2447
2094
1694
1312
738
134
-156
-178
-203
-298
-280
-247
-247
-294
-258
-243
-236
-196
-192
-138
-167
-203
-225
-265
-200
-294
-261
-236
-316
-290
-265
-247
-294
-240
-243
-261
-247
-254
-225
-265
-243
-232
-192
-218
-240
-210
-250
-214
-254
-229
-225
-265
-196
-280
-320
-258
-283
-301
-320
-280
-305
-240
-221
-280
-290
-294
-207
-276
-250
-269
-247
-240
-243
-218
-254
-210
-247
-290
-250
-258
-221
-254
-232
-240
-229
-210
-207
-163
-152
-156
-149
-207
-207
-247
-170
-196
-229
-149
-178
-101
-141
-123
-163
-174
-203
-192
-160
-145
-130
-130
-127
-130
-127
-98
-72
-752
-3516
-7677
-10750
-11321
-10270
-8964
-7888
-7128
-6364
-5717
-5171
-4742
-4437
-4316
-4280
-4295
-4266
-4204
-4055
-3873
-3596
-3345
-3044
-2756
-2371
-2069
-1712
-1236
-676
-36
163
247
287
312
345
352
323
338
272
312
290
272
290
301
283
323
272
272
301
323
374
363
363
312
334
330
290
294
316
352
290
316
334
276
305
309
338
323
280
305
338
254
334
323
330
334
301
305
370
352
349
349
