8
3
11
15
11
4
3
7
7
9
8
7
15
8
-1
2
2
5
0
6
6
1
5
8
4
8
5
4
4
11
17
7
4
8
7
11
7
3
1
1
2
-1
5
1
2
15
8
6
7
4
12
5
-5
1
3
4
1
1
10
10
10
12
34
71
111
142
155
185
202
213
226
228
233
237
246
247
244
242
236
226
218
206
188
166
141
116
67
12
-6
-8
-11
-13
-4
-9
-8
0
-2
-6
-11
-11
-5
-12
-10
-16
-9
-9
-5
-4
-10
-7
-12
-18
-11
-11
-1
-15
-3
-12
-15
-8
-7
-16
-11
-5
-4
-10
-7
-4
-6
-5
-7
-5
-9
-4
-5
-10
0
1
-7
-5
-6
-2
-5
-11
-8
-7
-6
-8
-17
-11
-9
-8
-2
-1
-9
-9
-3
-3
-5
-6
-8
-12
-10
-8
-6
-3
-7
-12
-11
-8
-8
-5
-10
-8
-7
-10
-3
-5
-7
-4
-12
-4
-8
-11
-8
-4
-5
-4
0
3
-1
-1
-5
-9
-5
-7
-6
-6
-4
-7
-6
-14
-25
-54
-75
-119
-139
-153
-174
-188
-201
-203
-218
-225
-228
-236
-231
-229
-227
-222
-213
-196
-189
-166
-144
-106
-48
-1
12
8
5
-3
7
10
2
12
11
12
8
1
1
4
8
1
2
4
7
9
5
-2
9
11
4
11
5
4
6
8
12
4
11
3
1
5
4
4
0
7
-2
-1
11
6
1
8
2
8
6
4
-2
1
