250
250
225
247
247
240
305
309
254
294
283
261
305
283
229
243
250
287
247
229
258
240
261
258
236
210
174
192
225
221
163
200
152
170
189
160
170
196
189
160
156
120
149
170
174
160
145
127
130
145
123
109
145
69
116
461
2920
7328
11143
12761
12310
10768
9223
7866
6830
5960
5262
4786
4473
4269
4215
4189
4236
4280
4306
4182
3938
3604
3225
2891
2571
2327
1989
1574
1072
490
-80
-214
-272
-305
-334
-280
-305
-334
-334
-356
-316
-294
-258
-330
-294
-301
-294
-294
-298
-323
-352
-345
-323
-330
-316
-341
-363
-378
-330
-301
-320
-290
-283
-290
-341
-280
-309
-269
-323
-352
-254
-330
-301
-338
-374
-421
-410
-378
-352
-356
-374
-360
-370
-305
-338
-330
-320
-301
-305
-298
-236
-316
-370
-360
-309
-312
-381
-334
-305
-360
-323
-316
-250
-287
-294
-309
-327
-312
-258
-254
-287
-258
-236
-247
-229
-243
-243
-280
-210
-247
-229
-272
-254
-290
-280
-221
-203
-218
-181
-196
-218
-214
-141
-181
-181
-170
-152
-196
-174
-261
-1705
-5288
-9248
-11598
-11747
-10612
-9121
-7910
-7004
-6229
-5575
-5084
-4782
-4593
-4429
-4331
-4295
-4207
-4135
-3967
-3727
-3484
-3244
-2927
-2607
-2240
-1843
-1472
-1072
-490
-10
109
218
280
243
218
261
254
243
261
261
210
218
236
189
181
200
221
283
265
240
287
276
221
240
298
280
225
280
320
272
254
258
254
316
265
236
243
221
218
250
214
254
265
280
312
327
338
316
272
312
276
269
320
