294
309
323
334
280
298
290
269
272
258
276
225
280
250
294
272
276
258
261
272
269
232
276
320
265
272
254
229
254
250
218
185
185
214
181
210
240
203
200
240
240
247
210
163
170
167
156
174
185
200
189
156
138
130
160
101
112
200
1007
4040
8106
10779
11303
10376
9190
8142
7179
6306
5524
4946
4651
4429
4378
4378
4360
4298
4222
4102
3840
3596
3338
2996
2629
2218
1811
1400
981
360
-54
-181
-247
-258
-290
-356
-385
-341
-338
-320
-254
-265
-214
-229
-221
-265
-240
-236
-298
-287
-327
-301
-341
-312
-334
-356
-272
-265
-276
-261
-294
-309
-294
-250
-330
-283
-309
-316
-272
-283
-265
-280
-287
-309
-261
-250
-341
-338
-330
-320
-356
-330
-349
-341
-283
-280
-221
-269
-258
-301
-312
-301
-276
-225
-250
-221
-232
-298
-250
-290
-287
-301
-276
-258
-290
-269
-272
-232
-254
-269
-272
-221
-196
-276
-181
-207
-225
-203
-192
-225
-272
-210
-210
-189
-174
-200
-200
-225
-170
-167
-170
-123
-156
-123
-156
-149
-127
-112
-127
-163
-1036
-4102
-7877
-10376
-10888
-10197
-9150
-8106
-7124
-6139
-5324
-4720
-4429
-4258
-4200
-4193
-4226
-4167
-4058
-3916
-3760
-3495
-3182
-2847
-2465
-2065
-1694
-1327
-836
-269
109
181
203
305
280
276
330
312
287
294
232
276
269
221
240
200
203
232
250
290
280
221
298
320
269
269
309
247
269
265
218
265
218
290
225
225
258
232
276
265
240
287
269
301
367
341
334
330
309
345
338
272
