327
352
345
301
261
243
250
301
265
247
309
272
298
261
254
272
243
225
269
305
276
258
261
276
254
290
269
207
229
240
196
225
232
174
218
207
192
221
236
210
229
250
247
196
189
207
192
218
203
156
207
149
167
130
101
141
120
192
1236
4473
8353
10885
11339
10299
8990
7892
7059
6310
5560
4953
4626
4477
4364
4367
4389
4397
4262
4135
3953
3724
3462
3120
2713
2353
2040
1640
1160
552
3
-163
-207
-261
-261
-287
-283
-305
-305
-298
-290
-269
-247
-243
-254
-247
-200
-290
-236
-258
-276
-334
-327
-294
-316
-280
-269
-276
-298
-334
-323
-287
-280
-301
-250
-283
-280
-261
-243
-287
-290
-229
-280
-283
-298
-309
-269
-280
-247
-367
-352
-356
-327
-276
-298
-254
-280
-301
-312
-283
-301
-312
-269
-247
-269
-254
-269
-269
-261
-265
-287
-236
-276
-236
-214
-269
-265
-301
-218
-203
-192
-240
-229
-218
-218
-185
-207
-196
-243
-250
-200
-218
-207
-210
-200
-196
-225
-196
-185
-189
-149
-138
-163
-200
-149
-167
-141
-127
-181
-294
-1571
-4989
-8975
-11168
-11157
-10096
-8895
-7913
-7102
-6302
-5659
-5138
-4826
-4673
-4607
-4491
-4433
-4367
-4171
-3971
-3676
-3385
-3098
-2709
-2440
-2167
-1840
-1491
-1014
-363
145
214
287
243
287
349
294
320
312
261
265
229
218
243
236
229
236
221
269
272
305
312
250
338
367
341
269
360
287
301
290
280
280
283
261
280
236
254
272
210
276
287
298
327
330
316
356
305
360
378
294
338
