4
10
12
14
8
2
8
13
3
11
8
8
7
12
10
-3
4
4
8
8
10
4
1
8
12
8
5
10
7
6
4
3
5
8
6
1
7
6
7
2
7
2
7
3
8
2
0
3
2
14
6
-1
10
8
11
10
3
5
1
8
14
45
93
141
173
205
213
219
226
242
245
245
252
249
254
261
260
252
247
233
222
198
183
159
136
111
43
-1
-2
-4
-8
-14
-10
-10
-12
-7
-4
-11
-12
-10
-9
-7
-4
-13
-16
-12
-12
-11
-8
-5
-7
-8
-4
-2
-7
-12
-10
-12
-17
-8
-8
-15
-4
0
-7
-8
-8
-8
-4
-5
-6
-7
-2
1
0
-7
0
-3
-14
-14
-8
-6
2
-8
-7
-8
-4
-2
-11
-8
-4
-10
-7
-9
-5
-5
-5
-9
-14
-2
-7
-4
-6
-4
-9
-4
0
0
-3
-2
-11
-7
-2
-8
-5
0
-4
-8
-15
-12
-5
-5
-4
-15
-7
-10
-5
0
-2
-4
-8
-2
1
-6
-4
-8
-7
0
-7
-4
-21
-51
-98
-140
-165
-183
-206
-209
-217
-217
-231
-237
-236
-254
-253
-266
-258
-253
-252
-239
-233
-203
-186
-170
-136
-96
-27
-1
2
10
9
6
7
6
11
11
11
10
4
4
4
1
4
5
14
7
5
0
0
4
5
7
7
3
5
8
9
11
-1
0
-1
0
8
4
4
6
1
1
0
7
5
1
10
9
8
1
4
7
-5
0
