316
272
243
250
225
298
280
225
243
258
265
265
225
225
250
258
254
261
272
254
258
272
203
240
240
250
196
276
250
192
210
192
185
218
192
200
152
189
210
185
189
181
170
163
163
170
149
152
149
109
112
145
80
178
105
138
141
149
505
2527
6164
9401
11267
11241
9790
7997
6630
5782
5251
5011
4880
4764
4637
4517
4393
4266
4091
3906
3698
3440
3120
2764
2414
2163
1771
1360
916
352
-90
-254
-210
-240
-283
-345
-374
-305
-287
-261
-240
-250
-236
-261
-192
-247
-298
-294
-298
-283
-345
-345
-338
-345
-323
-290
-305
-330
-301
-312
-290
-283
-294
-280
-283
-240
-316
-261
-316
-309
-240
-294
-290
-327
-290
-367
-330
-338
-338
-330
-367
-352
-360
-356
-360
-316
-269
-294
-327
-330
-280
-229
-316
-312
-221
-232
-320
-283
-265
-258
-312
-280
-240
-290
-247
-316
-269
-272
-258
-272
-272
-232
-243
-207
-229
-196
-218
-276
-218
-225
-225
-232
-225
-221
-203
-178
-178
-181
-210
-156
-160
-192
-138
-178
-167
-123
-189
-127
-156
-156
-894
-3589
-7190
-9655
-10532
-10259
-9423
-8593
-7648
-6633
-5749
-5062
-4717
-4586
-4484
-4444
-4393
-4338
-4262
-4036
-3778
-3473
-3116
-2760
-2367
-2065
-1760
-1338
-920
-283
72
167
218
214
309
316
305
327
316
236
294
261
250
250
203
250
247
247
254
250
280
287
287
327
301
269
283
309
283
229
261
269
276
276
258
232
247
276
250
254
240
250
232
283
272
352
378
283
309
360
312
301
