10
10
4
2
0
0
6
8
10
8
6
8
3
8
11
3
4
2
1
10
9
10
5
5
4
6
10
4
2
9
0
11
2
2
8
0
5
-1
8
5
1
2
-1
1
8
4
7
1
-3
8
11
2
5
12
9
10
10
1
2
8
2
-1
1
0
15
30
58
97
117
144
163
168
175
189
199
204
206
203
210
212
194
182
163
149
129
93
43
-1
-5
-5
-12
-6
-4
-3
-3
-6
0
-5
-1
-8
-10
-5
-2
-2
-7
-9
-7
-9
-10
-8
0
-2
-5
-4
-11
-10
-10
-1
-5
-4
-10
-6
-5
-1
0
-4
-4
-9
-1
-10
0
-4
-8
0
-8
-13
-2
-7
-5
-8
-3
-12
-7
2
-8
-13
-7
-4
-1
-11
-11
-1
-9
-2
-3
-3
-1
-5
-9
-11
-8
-4
-4
1
0
2
-4
0
1
-3
-3
-5
-5
0
-11
-4
-5
-10
-2
-4
-6
0
-5
-1
-2
-7
-5
-2
-4
-4
-7
-4
0
-1
-4
-6
-8
-8
0
-1
5
-3
0
3
-8
-25
-60
-91
-116
-132
-152
-168
-177
-191
-207
-205
-210
-217
-218
-210
-194
-185
-169
-153
-133
-106
-47
0
17
13
10
10
12
7
7
6
1
8
7
17
14
15
10
0
6
1
3
1
5
8
9
6
3
7
12
8
5
8
2
-4
-2
2
7
1
6
0
5
10
3
10
9
3
4
4
7
11
4
-3
5
3
