-1
5
7
8
6
1
4
1
2
2
1
2
-4
7
3
-8
0
1
-2
-1
-1
-8
-8
0
1
5
10
1
0
4
7
9
0
1
2
-4
1
2
0
-3
2
8
2
4
11
5
7
0
5
7
2
8
0
4
7
2
0
0
-2
1
2
12
5
4
5
14
28
55
70
97
127
147
165
187
199
212
208
206
213
198
190
180
164
143
120
93
50
1
0
-7
-8
-2
1
-5
-2
-8
-6
-10
-4
-8
-11
-7
-10
0
-8
-4
-11
-10
-14
-7
-6
-8
-12
-14
-12
-11
-11
-11
-5
-11
-5
-7
-5
-6
-5
-1
-12
-6
-4
-5
2
-10
0
-2
-10
-7
-1
-7
-5
-11
-15
-11
0
0
-4
-1
-4
-9
-4
-3
1
-2
-7
-5
-10
-4
-17
-1
-7
0
0
-4
-1
-4
-2
-7
-11
-7
-8
-6
-3
-4
1
-1
-5
-9
-8
1
-2
-4
2
-11
-7
-9
-8
1
-2
-7
-11
-4
-8
-7
-7
-7
-11
-7
-7
-7
-10
0
-5
-7
0
-7
-1
-12
-27
-47
-85
-101
-129
-140
-168
-182
-195
-196
-201
-206
-200
-201
-178
-173
-151
-134
-112
-87
-20
0
12
7
4
0
2
11
12
11
10
0
3
7
-2
2
4
8
1
0
5
5
8
10
-6
5
0
2
0
6
5
2
3
3
-1
8
8
11
9
10
7
7
1
3
1
10
14
12
3
2
9
5
-1
1
