327
327
298
265
261
305
272
294
272
272
280
330
243
258
305
334
323
298
312
301
309
258
276
265
269
280
261
229
174
243
203
210
243
189
225
269
236
232
210
203
214
178
174
160
207
170
185
145
163
181
149
185
152
167
145
149
203
861
3491
7190
10365
11878
11663
10245
8259
6149
4684
4062
4076
4316
4487
4604
4560
4437
4320
4102
3931
3695
3422
3062
2734
2338
1989
1592
1156
603
40
-94
-189
-254
-250
-265
-312
-290
-312
-290
-232
-210
-243
-218
-243
-225
-210
-254
-236
-250
-232
-294
-280
-323
-352
-276
-327
-258
-250
-247
-247
-309
-218
-283
-276
-272
-243
-283
-240
-254
-301
-283
-301
-301
-309
-338
-327
-370
-265
-301
-320
-320
-305
-276
-356
-287
-327
-294
-258
-214
-294
-269
-240
-269
-236
-283
-207
-250
-236
-225
-290
-265
-265
-203
-269
-287
-290
-269
-243
-225
-210
-192
-181
-210
-236
-185
-221
-203
-210
-207
-156
-243
-214
-232
-203
-181
-163
-134
-123
-134
-170
-145
-112
-160
-134
-167
-105
-65
-105
-65
-200
-1320
-4437
-8197
-11052
-12038
-11245
-9565
-7681
-6048
-4982
-4353
-4084
-4069
-4142
-4258
-4356
-4415
-4382
-4211
-4018
-3804
-3527
-3229
-2894
-2498
-2098
-1669
-1178
-512
43
196
240
240
261
334
309
312
301
280
261
243
254
254
261
232
254
287
247
298
265
280
316
312
309
305
309
352
290
290
312
261
298
312
280
330
269
236
323
312
280
287
309
330
272
312
345
312
334
312
305
345
312
298
