16
21
21
38
40
51
61
59
65
78
80
74
87
85
91
97
99
107
114
125
130
137
154
147
155
160
160
167
175
176
178
186
190
192
198
199
197
203
203
200
209
216
217
220
220
231
226
223
231
236
240
239
231
240
243
236
244
254
259
262
265
256
261
259
261
262
260
268
270
263
269
264
264
261
261
269
264
270
264
272
267
251
258
259
250
262
262
265
264
254
250
244
242
239
239
226
223
231
228
229
226
218
215
212
213
200
202
198
193
192
185
178
175
172
160
155
152
145
134
131
132
117
109
100
99
91
84
66
64
63
59
57
43
31
24
8
7
6
-5
-7
-19
-25
-30
-31
-43
-50
-55
-55
-69
-74
-83
-78
-85
-83
-91
-100
-116
-110
-117
-122
-132
-127
-136
-147
-158
-157
-170
-166
-180
-177
-182
-188
-193
-198
-199
-194
-200
-210
-208
-206
-215
-217
-223
-222
-231
-223
-226
-232
-233
-241
-232
-235
-237
-242
-254
-249
-254
-254
-247
-254
-250
-259
-262
-263
-268
-265
-266
-270
-259
-265
-268
-266
-274
-270
-264
-270
-258
-268
-265
-261
-267
-264
-264
-262
-256
-257
-253
-244
-249
-238
-254
-245
-242
-236
-227
-237
-226
-229
-229
-217
-225
-216
-219
-210
-206
-206
-194
-203
-188
-186
-192
-179
-186
-170
-160
-153
-150
-136
-142
-131
-127
-111
-113
-103
-112
-94
-86
-76
-73
-59
-52
-45
-39
-28
-22
-21
-5
0
5
10
