1
5
5
11
7
8
6
8
12
8
10
-2
4
14
8
0
11
5
3
5
4
1
5
12
7
8
6
-1
2
4
2
-1
2
1
-1
0
6
0
-1
5
3
11
0
4
3
6
7
6
10
2
7
5
-7
0
7
5
8
2
7
2
0
20
44
83
111
133
155
182
194
209
226
240
245
248
247
245
246
240
236
232
216
200
180
167
148
100
36
2
-8
-11
-2
-4
-6
-3
-1
-3
-7
-8
-8
-12
-14
-14
-16
-7
-8
-12
-10
-8
-6
-10
-10
-8
-5
-14
-13
-7
-14
-8
-12
-15
-8
-14
-7
-7
-2
-3
-10
0
-10
-8
-3
-5
-1
-6
-4
-7
-16
-8
-8
-10
-2
-12
-7
-11
-11
-8
-7
0
-2
-5
-3
-4
-7
-1
0
-6
-8
1
-10
-10
-11
-18
-1
-9
-2
-8
-8
-5
-12
-8
-6
-10
0
-7
-7
-7
-8
-6
-6
-10
-10
-2
-5
-12
-2
-7
-4
-7
-5
-1
0
-5
-2
-10
-5
-1
-6
-2
-3
-3
-11
-19
-39
-70
-100
-117
-144
-167
-180
-190
-198
-206
-214
-218
-236
-239
-248
-240
-236
-230
-210
-200
-175
-153
-129
-71
-8
3
4
7
2
5
8
17
9
7
8
4
5
8
2
5
1
8
2
8
10
6
16
7
9
7
6
2
5
8
12
3
1
3
-1
7
-1
9
4
-3
10
4
9
11
6
7
2
12
6
3
3
3
2
0
