6
10
5
2
8
10
8
10
0
7
2
3
2
2
7
8
5
5
2
5
2
0
-6
-1
12
2
4
1
2
0
6
4
7
9
13
4
-1
5
-4
4
2
11
8
2
0
7
-5
9
5
5
15
8
8
4
0
-1
-2
4
-2
-2
5
4
5
0
0
8
0
20
39
75
107
138
152
161
179
195
205
204
210
198
184
180
176
147
138
112
89
44
7
-10
0
-4
-3
0
-5
-3
-6
-11
-7
-10
-5
-11
-5
-7
-5
-7
-1
-10
-6
-7
-7
-1
-5
-10
-7
-8
0
-8
-4
-8
-8
-4
0
0
-4
-5
-8
-5
-13
-11
-3
-2
-12
-2
-11
-2
-7
-5
-8
-7
-1
0
-7
-4
-11
-7
-5
-4
-10
-9
0
-9
-10
-3
-5
-5
-1
1
-5
-4
0
-2
-11
-7
-2
0
-10
-5
-2
-1
-4
1
-8
0
-2
-2
-7
-11
1
-6
2
-2
-6
-1
-12
-8
-3
-1
-4
-7
1
-7
-6
-8
-7
0
-3
0
-3
-8
-4
-6
-9
-5
-6
-2
-12
-20
-37
-65
-101
-126
-135
-156
-169
-185
-193
-198
-209
-193
-198
-183
-174
-154
-134
-113
-78
-16
11
11
4
8
8
4
8
7
1
2
3
4
0
7
5
0
10
13
2
6
6
5
6
4
4
-2
-1
0
-1
6
0
2
8
2
5
3
14
4
5
10
2
4
6
4
5
7
7
7
-3
2
2
1
