13
18
27
27
33
41
43
55
55
65
71
80
84
85
90
97
105
110
117
124
135
143
143
150
153
152
167
170
169
170
172
180
189
186
202
199
195
206
212
212
211
209
215
218
219
221
223
229
232
234
235
233
241
237
245
246
257
254
252
252
259
264
267
256
254
264
262
259
254
262
262
266
264
261
257
267
269
265
261
262
262
261
267
254
268
262
256
255
249
254
252
244
236
240
237
231
233
233
218
225
222
216
210
212
210
207
207
203
194
186
188
185
179
163
160
155
147
146
129
121
123
120
110
107
100
96
88
73
68
64
56
44
44
33
26
22
12
5
0
-10
-17
-28
-28
-31
-43
-41
-48
-54
-68
-64
-73
-85
-81
-90
-97
-105
-104
-117
-121
-120
-129
-135
-146
-155
-156
-161
-171
-170
-177
-175
-179
-188
-199
-194
-199
-195
-201
-209
-203
-209
-211
-218
-219
-228
-222
-225
-229
-233
-241
-245
-247
-242
-232
-241
-244
-251
-266
-254
-256
-259
-256
-268
-264
-265
-271
-261
-259
-263
-259
-265
-266
-270
-266
-258
-263
-264
-264
-266
-258
-262
-259
-262
-264
-259
-253
-255
-254
-256
-249
-242
-246
-245
-244
-240
-238
-232
-231
-234
-230
-223
-220
-221
-221
-215
-216
-201
-197
-200
-195
-185
-186
-184
-171
-167
-167
-155
-157
-144
-140
-126
-130
-114
-107
-103
-103
-86
-86
-76
-69
-68
-57
-53
-33
-33
-14
-17
-10
0
2
5
