9
6
19
9
7
15
4
8
14
5
13
12
0
7
8
7
4
2
4
5
12
13
11
16
9
4
7
4
7
4
8
7
4
11
3
7
11
5
2
2
3
11
7
8
12
5
3
3
11
4
3
12
1
0
2
2
5
0
10
8
0
6
32
76
121
159
190
204
204
213
226
224
235
241
252
266
269
261
266
261
247
238
218
199
177
160
127
81
17
-3
-11
-9
-4
-8
-5
-7
-3
-4
-13
-6
-4
-11
-11
-17
-10
-11
-10
-6
-7
-6
-5
-5
-5
-2
-9
-10
-4
-10
-10
-3
-7
-7
-11
-10
-10
-7
3
-4
-13
0
-7
-10
-11
-10
-3
-5
0
-5
-9
-12
-5
-16
-8
-7
-10
-7
-8
-13
-4
1
-4
-4
-5
-11
-7
-12
-9
-5
-8
-9
-11
-7
-8
0
2
-8
1
-1
-2
-2
-9
-4
-10
-3
-8
-10
0
-8
-4
-8
-11
-12
-8
-10
0
-12
-13
-8
-6
-10
-10
-8
-12
-1
-8
-10
-15
-10
-2
-9
2
-6
-41
-88
-140
-161
-175
-189
-200
-208
-214
-222
-230
-246
-254
-259
-264
-255
-254
-252
-246
-235
-208
-196
-177
-162
-130
-78
-2
2
7
12
10
17
14
15
4
11
10
8
14
11
5
7
7
12
8
11
13
9
1
7
11
10
0
7
10
15
22
10
10
10
5
5
11
5
14
10
7
9
11
13
-1
11
7
9
11
5
7
12
