305
298
287
247
269
287
298
294
280
283
280
229
283
294
283
283
280
298
269
250
232
294
258
269
301
258
214
229
225
258
210
203
221
225
189
250
225
196
200
203
247
178
200
174
181
170
170
174
207
170
152
152
134
149
101
134
352
2083
6044
9772
11478
11379
10514
9335
8215
7142
6073
5171
4615
4356
4211
4175
4200
4251
4215
4102
3971
3698
3418
3138
2847
2476
2116
1818
1374
851
236
-149
-189
-232
-294
-290
-312
-312
-367
-323
-327
-294
-283
-247
-221
-236
-221
-185
-225
-232
-250
-258
-341
-334
-312
-276
-305
-309
-290
-305
-261
-287
-312
-301
-287
-272
-272
-258
-290
-229
-265
-210
-243
-269
-283
-320
-330
-378
-349
-345
-360
-305
-352
-305
-334
-309
-341
-301
-298
-316
-287
-261
-290
-258
-218
-261
-301
-298
-320
-320
-316
-305
-298
-287
-280
-309
-301
-320
-298
-229
-254
-214
-232
-203
-225
-236
-243
-236
-210
-243
-192
-240
-240
-181
-163
-130
-149
-167
-196
-232
-141
-152
-210
-203
-163
-163
-134
-83
-163
-152
-421
-2349
-6244
-9997
-11819
-11499
-9954
-8161
-6750
-5928
-5368
-5040
-4782
-4564
-4404
-4327
-4327
-4324
-4247
-4091
-3840
-3553
-3338
-3029
-2793
-2520
-2142
-1694
-1265
-705
-134
130
109
210
305
247
265
283
265
298
261
280
236
221
221
243
207
229
229
352
309
290
305
287
276
323
323
290
356
330
258
272
225
250
294
254
280
269
269
269
203
254
305
269
352
352
290
320
305
323
338
341
309
309
