378
341
341
334
309
247
283
298
283
294
254
229
305
229
287
265
265
294
261
301
287
287
290
269
250
232
232
283
290
214
272
196
210
243
269
210
178
170
232
185
210
225
163
185
210
200
200
170
138
181
210
170
214
214
156
160
167
618
2713
6404
9655
11412
11328
9990
8383
7066
6106
5448
5091
4877
4702
4582
4506
4426
4342
4204
3975
3756
3451
3138
2778
2393
2069
1760
1374
851
134
-138
-214
-170
-250
-283
-269
-323
-312
-276
-287
-254
-207
-236
-221
-196
-225
-207
-221
-276
-243
-265
-254
-290
-305
-290
-280
-240
-301
-258
-276
-229
-250
-254
-229
-276
-240
-287
-232
-276
-287
-207
-203
-174
-247
-276
-301
-290
-301
-309
-320
-345
-298
-294
-276
-316
-280
-298
-294
-280
-280
-254
-258
-236
-258
-283
-280
-301
-276
-269
-276
-192
-240
-243
-261
-207
-240
-185
-214
-265
-207
-280
-214
-196
-225
-192
-218
-207
-225
-189
-196
-210
-243
-200
-178
-170
-123
-189
-170
-174
-152
-130
-130
-112
-156
-116
-120
-109
-87
-112
-178
-923
-3495
-6888
-9386
-10437
-10394
-9779
-8884
-7895
-6790
-5829
-5098
-4564
-4276
-4109
-4026
-4015
-3964
-3942
-3724
-3545
-3233
-2894
-2589
-2258
-1974
-1665
-1189
-560
14
174
196
269
330
312
276
309
323
320
323
272
221
280
210
214
243
250
236
265
280
294
283
312
320
338
360
283
283
280
261
301
265
283
272
330
283
287
287
320
290
327
287
269
320
316
309
309
323
334
330
327
294
312
