7
9
4
10
12
6
9
6
4
8
12
18
6
8
5
4
13
1
7
5
7
2
7
5
7
-1
10
5
7
10
11
14
8
12
6
1
1
5
8
7
10
5
7
3
1
-2
7
11
5
13
7
7
10
-1
8
10
8
8
9
8
10
38
93
141
170
202
213
229
239
233
239
251
255
254
254
253
255
252
244
229
213
211
193
175
143
114
55
4
-11
-8
-9
-15
-7
-8
-12
-5
-9
-5
-9
-12
-10
-6
-8
-7
-11
-7
-10
-5
-7
-12
-9
-21
-8
-8
-20
-14
-14
-4
-12
-5
-13
-9
-2
-8
-7
-5
-10
-7
-9
-6
-14
-14
-11
-1
-7
-10
-5
-4
-10
-7
-9
-2
-4
-12
-8
-14
-9
0
-10
-10
-11
-5
-2
-8
-2
-11
1
1
-10
-5
-7
-9
-10
-10
-9
-7
-11
-11
-12
-2
-10
-10
-9
-7
-12
-10
-2
-1
-10
-5
-7
-5
-7
0
-1
-6
-2
-10
-8
-2
-8
-1
-2
-10
-2
-4
-2
-1
-1
2
-11
-37
-80
-120
-153
-176
-198
-201
-218
-222
-236
-248
-249
-253
-256
-255
-254
-244
-246
-231
-227
-216
-193
-169
-141
-111
-51
-5
5
7
8
14
6
5
7
15
15
5
0
7
7
10
9
8
10
7
4
7
6
8
4
8
10
7
11
0
2
3
3
4
8
8
12
12
10
0
8
15
5
6
10
7
8
4
2
4
8
12
1
8
