352
301
316
338
283
352
265
290
305
236
298
290
283
309
280
236
283
323
327
283
272
254
261
294
276
243
258
258
232
247
243
207
225
214
178
170
247
232
200
232
170
167
174
210
163
192
214
138
185
192
156
141
120
145
130
120
687
3753
8957
12736
13340
11761
9645
7873
6553
5629
4895
4346
3909
3655
3556
3600
3760
3876
3956
3906
3724
3440
3171
2902
2578
2313
1996
1622
1171
436
-94
-189
-280
-254
-225
-294
-269
-254
-229
-261
-250
-214
-232
-210
-210
-210
-243
-232
-221
-229
-265
-341
-389
-378
-312
-349
-309
-287
-236
-196
-196
-229
-218
-254
-254
-261
-269
-301
-232
-265
-261
-247
-261
-283
-290
-250
-305
-320
-316
-301
-330
-367
-276
-320
-269
-305
-280
-265
-283
-269
-327
-240
-243
-276
-269
-287
-225
-276
-309
-309
-280
-276
-283
-283
-247
-254
-290
-247
-269
-283
-221
-250
-225
-247
-185
-200
-218
-149
-196
-185
-207
-196
-160
-185
-163
-200
-185
-167
-163
-203
-192
-160
-156
-200
-152
-130
-109
-116
-127
-145
-581
-3680
-9063
-12787
-13172
-11470
-9434
-7786
-6670
-5764
-5044
-4466
-3967
-3680
-3611
-3691
-3796
-3866
-3927
-3895
-3720
-3436
-3127
-2862
-2476
-2185
-1934
-1549
-1040
-305
149
174
225
301
294
320
287
309
265
214
247
200
221
221
236
229
225
229
240
247
247
290
356
385
345
330
327
320
287
250
247
218
232
250
265
283
320
265
276
294
250
294
240
254
305
309
334
330
345
356
334
312
323
316
