12
7
2
11
10
8
6
14
7
6
7
5
10
7
12
5
4
8
4
8
16
3
6
4
7
9
5
10
12
5
11
2
4
5
-2
-1
1
1
2
3
8
9
2
8
4
10
10
8
4
4
13
7
-1
2
2
4
8
7
8
3
4
16
64
97
135
176
196
211
221
230
239
241
244
253
258
265
262
263
258
245
226
216
194
166
152
124
67
8
-10
-10
-15
-7
-10
-1
-2
-15
-5
-10
-4
-10
-3
-5
-12
-5
-10
-5
0
-3
-6
-8
-6
-12
-7
-4
-10
-12
-13
-3
-2
-7
-2
-6
-2
-10
-6
0
-3
-10
-7
-12
-6
-7
-4
-4
-9
-10
-11
-10
-10
-5
-2
-4
-8
-9
-10
-1
1
-4
-4
-1
6
-4
-8
-4
-5
-6
-13
-5
-7
-6
-4
-8
-7
-7
-10
-6
-10
-7
-1
-2
-1
-10
-2
-1
-1
0
-1
0
-4
-11
-3
-7
-9
-10
-12
3
-4
-3
-6
-10
0
-4
-1
0
-11
-7
-8
2
-3
-8
-1
-29
-60
-99
-129
-164
-185
-203
-212
-238
-233
-242
-246
-241
-253
-258
-265
-252
-247
-241
-225
-208
-198
-171
-150
-120
-51
1
4
4
8
8
5
15
13
20
14
13
10
8
9
8
4
10
4
4
12
10
11
1
8
5
7
12
0
8
7
2
8
8
7
1
5
10
8
10
12
7
14
5
2
7
0
10
5
7
12
5
7
11
