4
5
11
4
2
5
5
2
7
4
4
1
2
7
8
6
8
8
14
5
6
11
0
4
4
1
7
4
4
4
6
17
5
2
5
3
3
5
4
11
8
7
5
2
5
10
5
8
8
1
0
2
8
-1
4
7
1
-1
5
0
9
59
109
152
186
189
198
197
202
212
225
226
231
243
252
260
257
248
246
242
229
210
200
178
160
132
83
21
-7
-4
-2
-12
-10
-8
-7
-7
-17
-7
-17
-11
-2
-13
-10
-11
-11
-14
-18
-15
-14
-8
-9
-12
-5
-10
-8
-14
-5
5
-16
-2
-3
-3
-8
-9
-6
-4
-12
-11
-8
-6
-6
-2
-11
-12
-1
-11
-15
-12
-8
-8
-4
-2
-5
-9
-3
-7
-6
-2
-4
-8
-5
-2
-4
-14
-10
-12
-15
-11
-12
-1
-15
-12
-12
-10
-9
-7
-4
-12
-14
-2
-12
-10
-10
-5
-6
-13
-5
-2
0
1
-4
-1
-8
-4
-5
-3
-11
-6
-9
-11
-10
-11
-10
-5
-7
-8
-2
-7
-7
-11
-17
-50
-109
-142
-166
-180
-192
-198
-203
-216
-219
-236
-236
-245
-255
-246
-259
-256
-249
-244
-224
-211
-193
-182
-163
-128
-61
-8
9
7
10
9
7
14
0
6
9
2
11
5
10
11
4
4
2
6
7
3
11
4
7
5
8
11
7
3
4
5
9
13
12
18
4
7
6
4
1
5
6
2
1
12
4
5
10
8
5
10
11
11
