356
312
309
312
309
312
305
323
334
287
298
290
276
309
305
309
320
316
294
283
283
265
254
280
298
272
258
254
200
243
276
232
269
221
192
178
225
229
269
221
243
192
163
210
210
160
156
167
203
156
203
218
163
152
221
156
145
163
756
3116
6888
10165
11405
10685
9154
7597
6531
5819
5306
4949
4680
4495
4451
4353
4258
4138
4004
3840
3564
3313
2924
2589
2251
1920
1531
1098
447
3
-163
-189
-240
-258
-247
-287
-236
-305
-280
-221
-221
-210
-258
-203
-236
-189
-240
-232
-294
-280
-280
-272
-298
-298
-254
-283
-272
-290
-265
-225
-229
-236
-240
-258
-243
-280
-254
-229
-258
-283
-247
-272
-272
-287
-261
-280
-316
-276
-283
-290
-272
-323
-294
-330
-272
-258
-243
-250
-272
-301
-283
-254
-265
-250
-200
-225
-214
-280
-258
-301
-320
-240
-240
-218
-232
-214
-225
-229
-247
-232
-218
-258
-232
-210
-221
-174
-167
-185
-203
-141
-192
-243
-210
-163
-130
-163
-127
-174
-134
-156
-138
-112
-174
-141
-149
-138
-105
-58
-265
-1843
-5418
-9212
-11514
-11979
-10950
-8939
-6833
-5378
-4680
-4575
-4644
-4673
-4695
-4651
-4644
-4549
-4335
-4069
-3829
-3556
-3273
-2924
-2564
-2156
-1942
-1603
-1185
-596
25
167
218
280
316
334
345
323
356
341
305
290
250
276
269
247
272
290
258
298
290
272
363
330
312
309
305
323
301
283
312
287
290
280
261
272
283
269
341
312
261
298
309
327
312
345
349
345
352
330
327
385
330
320
