2
0
2
4
11
10
5
0
0
9
5
5
9
8
10
10
2
10
10
8
3
-1
5
5
1
8
10
0
4
1
5
7
8
4
-4
2
2
5
8
6
11
12
16
5
1
7
1
-1
14
11
4
8
1
4
8
5
3
4
3
1
0
24
58
105
134
162
173
200
212
221
225
241
243
243
234
246
242
241
232
230
212
197
183
167
143
113
43
-2
-5
-11
-11
-13
-6
-10
-1
2
-1
-9
-5
-16
-13
-5
-8
-3
-10
-2
-7
-11
-10
-10
-11
-10
-9
-2
-1
-10
-4
-7
-4
-5
-5
-10
-16
-5
-8
-2
-4
-7
-2
-5
-10
-12
-3
-3
-9
-7
-8
-4
-7
-5
2
-10
-14
-10
-4
-4
0
-2
-5
-4
-7
-8
-5
-5
-9
-5
-2
-8
-7
-9
-2
-1
-6
-7
-6
-10
-7
-2
-8
-1
-1
-8
-1
2
-2
-3
-1
-3
0
-6
-1
-11
-1
-1
-4
-2
-10
0
-7
-3
-8
-10
-9
-4
-4
-4
-5
-5
-4
-10
-30
-69
-106
-144
-163
-188
-202
-221
-236
-238
-243
-240
-247
-254
-251
-253
-255
-249
-247
-226
-219
-202
-186
-163
-134
-94
-21
6
9
18
5
4
8
9
11
9
10
10
7
10
2
-2
12
10
14
18
5
13
8
2
7
12
14
11
10
4
5
8
4
2
1
12
13
14
7
17
14
14
10
11
15
10
6
11
10
4
-1
2
4
10
