5
3
-1
2
0
0
8
1
7
1
4
4
0
5
0
0
0
2
4
0
4
4
10
8
2
0
0
0
10
5
2
5
6
8
8
5
10
7
7
7
6
4
4
2
0
5
7
-2
4
-5
1
5
1
8
1
4
10
4
4
3
0
8
38
87
129
159
179
200
201
215
220
229
232
238
243
250
252
255
251
243
233
221
204
183
168
146
107
47
-2
-10
-14
-10
-5
-6
-6
-5
0
-17
-11
-4
-10
-10
-5
-7
-15
-11
-8
-4
-4
-5
-16
-7
-17
-13
-14
-9
-7
-10
-4
-7
-13
-3
-10
0
-13
-12
0
-9
-6
-6
-2
0
-11
-1
-3
-9
0
-7
-5
-11
-5
-4
-3
-12
-6
-8
-8
-12
-5
-12
-14
-6
-6
-12
-14
-10
-8
-10
-3
-11
-16
-13
-1
0
-5
-2
-4
-7
-7
-8
-6
-5
-7
-4
-5
-4
-3
-8
-6
-2
-9
-14
-11
-7
-2
-6
-14
-11
-5
-9
-5
-7
-1
-7
-9
-5
-11
-12
-2
-4
-4
-10
-43
-90
-136
-167
-179
-202
-201
-218
-220
-233
-236
-236
-253
-241
-254
-261
-254
-249
-232
-211
-199
-178
-159
-126
-89
-28
2
4
8
7
12
10
10
7
10
6
7
8
11
4
16
6
4
11
7
5
11
11
1
10
5
7
5
11
8
4
2
3
7
6
2
8
4
9
10
8
14
8
3
4
0
5
-1
4
7
1
8
7
