0
7
4
10
9
0
5
5
-1
7
0
0
2
-1
7
8
10
8
2
12
5
-1
0
5
12
1
6
7
6
7
5
0
9
10
7
2
0
5
6
9
7
3
7
10
10
7
4
4
1
2
5
5
8
7
-1
0
3
7
5
8
9
0
9
5
1
11
34
74
103
115
136
155
166
181
193
200
207
213
229
218
214
209
196
180
172
141
117
58
8
2
-9
-10
-7
-13
-2
-7
-6
-2
-4
-7
-7
-1
-4
-8
-10
-11
-15
-5
-4
-5
-7
-7
-4
-8
-5
-12
-2
-5
-15
0
-8
-4
-4
-3
-2
-7
-4
-10
-14
-4
-9
-1
-7
-6
-2
-2
-8
-6
-2
-10
-5
-5
0
-5
-7
-7
-7
-4
-14
-10
-6
1
-1
-10
2
-2
-10
-8
-9
-10
-10
-2
-11
-4
-2
-1
-2
-4
-3
-5
-1
2
-1
-1
5
-5
1
-3
-4
-2
-10
2
1
-7
-4
-6
-5
0
-10
-11
-11
1
-1
-8
0
-8
1
-7
-6
-3
-6
0
-5
-7
-10
-14
-30
-66
-98
-129
-149
-177
-185
-194
-207
-221
-226
-225
-232
-227
-225
-207
-199
-182
-168
-144
-113
-57
-5
7
12
10
8
6
10
3
14
7
0
10
10
2
11
13
13
4
9
7
0
2
5
7
10
11
9
0
2
5
7
12
1
5
4
9
9
5
2
1
-2
7
4
5
7
2
2
1
1
10
5
7
