320
316
269
250
207
243
243
261
316
290
316
301
258
294
280
261
247
243
265
254
225
243
210
229
254
236
236
207
207
196
196
189
247
200
200
167
210
240
192
214
218
200
200
189
127
174
178
170
185
123
145
160
134
149
152
152
341
2025
5502
8681
10314
10747
10314
9324
8190
6899
5633
4778
4386
4160
4186
4251
4378
4451
4491
4327
4058
3786
3415
3098
2774
2374
2036
1636
1214
698
105
-185
-203
-280
-280
-290
-305
-283
-301
-265
-316
-283
-250
-290
-218
-185
-207
-250
-261
-247
-272
-265
-305
-276
-280
-287
-301
-283
-250
-280
-250
-316
-309
-290
-290
-258
-309
-265
-287
-207
-207
-276
-276
-276
-294
-312
-287
-330
-312
-301
-356
-338
-338
-327
-290
-320
-240
-258
-254
-287
-269
-290
-316
-221
-250
-269
-258
-240
-272
-316
-261
-269
-283
-269
-250
-287
-316
-236
-250
-221
-221
-174
-203
-178
-141
-203
-203
-276
-243
-189
-243
-178
-196
-181
-210
-221
-181
-170
-152
-181
-141
-156
-138
-123
-149
-149
-141
-120
-105
-156
-458
-2669
-6611
-9826
-11012
-10601
-9615
-8535
-7564
-6666
-5906
-5160
-4717
-4517
-4397
-4353
-4353
-4360
-4287
-4207
-4062
-3840
-3455
-3087
-2807
-2418
-2029
-1640
-1236
-701
-127
167
218
240
345
312
280
305
330
327
316
280
254
232
240
258
243
236
258
290
309
298
301
320
305
334
309
327
312
294
265
280
258
276
298
283
312
254
229
276
258
243
330
294
298
287
320
338
312
349
367
385
338
330
