312
276
298
232
261
280
290
287
280
265
287
214
287
276
265
276
243
229
243
236
283
240
225
254
221
207
210
229
225
218
192
207
200
214
250
189
181
189
210
181
145
167
160
152
152
196
138
123
145
141
145
163
130
141
76
123
83
349
1803
4833
8190
10390
11165
10812
9615
8186
6859
5753
4866
4320
4000
3869
3873
3920
3946
3964
3811
3593
3349
3047
2785
2458
2156
1851
1403
876
225
-149
-232
-210
-240
-301
-356
-320
-330
-305
-287
-265
-243
-265
-250
-200
-185
-250
-272
-294
-290
-327
-367
-316
-320
-327
-327
-280
-229
-254
-265
-298
-290
-272
-294
-261
-352
-280
-287
-287
-334
-320
-272
-294
-345
-341
-305
-305
-316
-360
-352
-330
-334
-363
-287
-323
-305
-363
-294
-312
-309
-301
-341
-261
-232
-261
-330
-305
-283
-254
-280
-301
-320
-301
-225
-305
-298
-276
-232
-240
-272
-221
-261
-210
-221
-250
-207
-236
-258
-247
-196
-207
-250
-247
-247
-170
-207
-214
-200
-170
-189
-243
-149
-160
-192
-123
-156
-145
-170
-109
-207
-1040
-4000
-8052
-10990
-11845
-10939
-9386
-8033
-6884
-5986
-5317
-4800
-4415
-4262
-4138
-4076
-4106
-4051
-4036
-3898
-3709
-3436
-3069
-2756
-2374
-2014
-1745
-1294
-727
-109
181
189
200
305
290
280
312
330
261
327
272
203
247
269
232
218
196
214
272
287
309
254
272
323
247
287
301
250
283
258
218
247
221
229
261
276
250
276
203
261
269
254
298
225
334
316
236
312
280
320
323
323
283
