8
17
29
30
36
39
45
60
61
58
67
72
79
82
87
93
96
100
106
116
120
123
136
143
148
156
150
150
173
171
176
179
186
188
188
197
199
198
198
198
209
204
207
214
209
215
219
220
221
229
229
225
236
231
239
238
242
241
242
244
255
255
258
254
258
265
269
265
263
264
270
264
271
268
265
258
267
262
261
263
266
263
261
256
256
261
261
259
259
256
245
251
246
245
239
242
239
233
234
231
226
219
221
213
213
206
209
205
200
194
189
185
180
175
164
160
159
147
133
137
130
126
113
113
104
106
91
77
71
66
55
50
43
31
30
14
11
5
0
-8
-20
-20
-25
-30
-36
-45
-45
-53
-63
-59
-70
-74
-85
-88
-86
-87
-97
-104
-112
-117
-126
-138
-140
-139
-149
-156
-168
-159
-170
-165
-188
-173
-186
-186
-188
-196
-198
-190
-196
-208
-200
-206
-206
-206
-218
-218
-223
-228
-225
-232
-229
-238
-239
-237
-241
-238
-245
-245
-246
-249
-252
-251
-251
-258
-255
-252
-263
-262
-265
-269
-264
-268
-266
-259
-265
-269
-260
-272
-259
-262
-259
-264
-269
-260
-262
-260
-261
-256
-256
-255
-258
-249
-249
-242
-247
-250
-234
-237
-231
-233
-237
-220
-223
-207
-208
-208
-201
-204
-195
-196
-189
-182
-169
-170
-168
-162
-162
-146
-149
-134
-131
-113
-115
-109
-101
-91
-96
-82
-75
-70
-66
-54
-49
-43
-36
-27
-13
-7
1
9
