298
294
301
261
258
294
240
225
272
283
287
265
250
327
283
254
261
218
218
309
276
272
221
240
283
247
221
240
178
210
200
225
192
214
196
200
229
192
138
130
181
138
207
203
174
189
141
192
178
178
145
156
109
160
138
167
909
4844
11012
15322
15751
13161
9870
7411
6015
5204
4629
4167
3855
3629
3520
3625
3786
3924
4033
3975
3807
3549
3244
2876
2600
2327
2087
1749
1262
432
-138
-203
-254
-269
-290
-283
-298
-349
-232
-298
-294
-280
-247
-196
-196
-210
-240
-214
-258
-261
-265
-323
-276
-396
-396
-370
-360
-334
-341
-280
-272
-240
-269
-247
-240
-276
-287
-283
-283
-283
-287
-345
-298
-272
-309
-276
-316
-327
-330
-352
-305
-403
-320
-330
-363
-341
-334
-305
-305
-301
-287
-258
-272
-290
-258
-250
-258
-312
-247
-301
-276
-290
-294
-229
-301
-261
-305
-298
-276
-247
-243
-254
-200
-185
-178
-247
-225
-218
-192
-185
-185
-189
-210
-225
-200
-236
-200
-160
-196
-189
-207
-207
-232
-170
-200
-185
-105
-141
-123
-134
-756
-4327
-9979
-13998
-14896
-13176
-10794
-8713
-7081
-5840
-4997
-4440
-4087
-3822
-3815
-3975
-4098
-4178
-4204
-4066
-3840
-3502
-3178
-2862
-2502
-2276
-1993
-1603
-1109
-316
98
225
247
243
258
316
290
276
247
287
250
218
254
232
240
232
229
294
243
196
258
334
370
392
370
363
341
276
261
287
240
229
258
287
301
276
243
283
261
287
309
309
272
276
269
280
320
323
330
312
320
341
298
338
