334
316
320
294
305
265
309
334
305
309
323
283
327
272
305
294
276
290
298
283
272
287
338
312
221
250
229
225
250
247
221
254
261
276
243
243
225
254
280
250
210
229
221
174
170
141
178
185
160
123
200
109
174
163
160
192
152
803
3625
7921
11452
13056
12801
11048
8790
6815
5644
5102
4815
4775
4647
4542
4437
4433
4484
4429
4287
4047
3742
3364
3080
2738
2396
2073
1680
1291
792
160
-98
-149
-185
-218
-309
-341
-305
-381
-316
-280
-261
-229
-261
-250
-196
-200
-247
-247
-261
-298
-305
-316
-280
-323
-276
-261
-283
-254
-320
-236
-298
-280
-316
-272
-254
-250
-189
-254
-283
-240
-276
-269
-330
-298
-312
-323
-381
-305
-338
-345
-305
-338
-334
-334
-309
-283
-272
-287
-254
-258
-309
-261
-316
-305
-294
-334
-250
-316
-298
-276
-261
-250
-269
-229
-272
-236
-229
-265
-240
-261
-240
-218
-210
-236
-236
-210
-181
-207
-207
-203
-192
-170
-141
-192
-109
-134
-152
-178
-196
-167
-174
-127
-174
-130
-109
-149
-61
-101
-247
-1371
-4818
-8994
-11805
-13049
-12681
-11005
-8743
-6866
-5677
-5113
-4931
-4826
-4669
-4495
-4386
-4298
-4244
-4196
-4116
-3982
-3760
-3393
-2967
-2611
-2280
-1931
-1651
-1200
-629
-36
160
258
269
334
323
363
283
305
316
298
294
276
272
290
236
283
261
265
250
290
280
269
309
298
338
294
334
320
243
320
338
254
327
305
305
334
309
312
272
287
301
301
323
334
301
345
330
294
330
345
341
349
