243
327
287
290
305
276
247
261
254
236
272
247
261
203
265
210
232
269
261
240
290
250
225
272
290
265
258
210
185
203
247
261
189
192
265
207
221
214
178
189
160
149
196
167
196
174
178
200
160
141
127
149
112
160
130
141
112
189
1400
4600
8044
10154
10747
10397
9477
8317
7153
6106
5244
4633
4255
4073
4087
4116
4160
4142
4029
3869
3607
3313
2949
2651
2338
1953
1527
1036
447
-29
-229
-214
-301
-243
-349
-327
-327
-327
-298
-298
-210
-225
-210
-236
-236
-243
-283
-254
-265
-323
-301
-323
-327
-320
-330
-309
-276
-269
-294
-229
-261
-240
-287
-349
-287
-290
-236
-309
-258
-258
-283
-320
-280
-272
-349
-323
-327
-323
-370
-272
-320
-341
-309
-352
-294
-309
-290
-320
-290
-254
-250
-261
-301
-272
-283
-276
-258
-312
-301
-301
-294
-301
-280
-294
-265
-210
-265
-210
-236
-301
-221
-210
-214
-225
-210
-232
-229
-196
-243
-221
-272
-210
-218
-196
-160
-181
-120
-163
-152
-214
-181
-163
-134
-152
-149
-98
-120
-101
-116
-567
-2629
-6288
-9728
-11307
-10976
-9761
-8488
-7408
-6546
-5713
-4967
-4455
-4055
-4018
-4058
-4142
-4131
-4069
-3960
-3818
-3687
-3458
-3149
-2767
-2393
-1982
-1531
-1138
-483
43
200
196
214
265
287
254
323
294
272
250
232
261
243
203
214
221
280
294
261
301
301
305
341
320
283
316
243
218
210
207
229
196
229
240
243
236
243
272
330
301
254
280
258
261
280
323
327
298
323
312
338
312
