3
7
1
0
1
4
0
6
5
5
2
9
3
10
5
3
15
2
9
10
7
9
4
5
5
3
11
10
0
0
0
3
7
14
8
5
4
9
4
8
0
-1
1
1
5
0
4
8
2
10
8
7
11
2
2
-2
2
2
-2
6
7
8
-5
6
33
64
87
110
135
155
162
179
185
183
192
199
216
209
215
207
198
185
172
152
129
104
53
5
-11
-12
-1
-2
-5
-15
-13
-6
-5
-8
0
-9
-4
-10
-9
-2
-2
-7
-9
-8
-12
-10
-4
-7
-12
-7
-11
-8
-11
-5
1
-4
-4
-8
-5
-5
-16
-12
-8
-3
-2
-5
-2
-6
-9
-4
-10
1
-9
-6
-8
-8
-10
-12
-4
1
-10
-1
-1
-7
-16
-8
-4
-5
-8
-13
-10
-4
-8
-4
-5
-12
-5
-9
-3
-1
-1
-6
-5
-2
-2
-5
0
-11
0
-4
-4
0
-8
-1
-4
-1
-5
-5
-4
-7
-12
-8
-6
2
-3
-7
-8
-6
1
-4
0
-8
-11
-10
-6
-9
-1
-9
-10
-19
-37
-65
-103
-124
-148
-170
-177
-182
-192
-200
-209
-214
-216
-221
-220
-216
-212
-189
-173
-153
-140
-101
-53
-8
4
9
9
2
2
5
6
9
5
7
5
13
14
3
7
0
3
4
8
14
7
7
15
8
13
11
8
9
7
2
0
2
4
0
11
7
6
11
8
4
8
8
0
12
11
13
6
8
4
-3
5
5
