1
7
4
2
2
4
3
9
0
7
11
4
-5
5
5
5
11
7
4
14
6
4
0
5
8
5
3
0
4
10
2
7
0
7
3
-1
1
4
8
5
2
-2
9
14
11
4
4
6
4
9
0
-1
6
5
7
-2
6
11
4
8
1
1
4
17
58
82
111
119
140
160
171
189
201
208
222
229
241
243
239
226
226
218
192
177
162
146
103
38
-1
-6
-8
-5
-10
-1
-4
-1
-12
-6
-12
-13
-10
-10
-8
-2
-5
-2
-7
-8
-7
-11
-11
-9
-4
-10
-12
-7
-12
-5
-5
-11
-8
-1
-13
-12
-11
-14
-14
-11
-8
-4
-5
-11
-3
-1
-4
-2
-10
-8
-12
-4
-12
-10
-2
-7
-9
-7
-11
-7
-2
-5
1
-8
-6
-10
-6
-4
-14
-4
-4
-4
-10
-12
-11
-12
-8
-4
-8
2
-8
-8
-1
-10
-5
-5
0
-4
-8
-4
-7
-3
-6
-7
-11
-5
-5
-7
-7
-3
-5
-4
-4
-1
-3
-11
-2
-7
-4
-2
-4
-1
-8
-2
-3
-28
-48
-87
-111
-136
-143
-167
-179
-196
-190
-205
-212
-219
-231
-232
-233
-223
-223
-214
-190
-184
-153
-131
-93
-37
0
7
7
3
3
3
1
2
10
2
14
8
10
13
0
3
2
4
5
1
10
11
8
7
5
4
5
2
4
8
8
5
2
13
12
6
10
1
11
11
0
1
2
-1
0
4
2
-2
10
8
4
9
