12
10
10
1
5
6
6
16
11
12
4
4
7
4
8
9
-1
-3
1
-1
1
1
5
4
6
10
0
4
8
0
6
5
7
0
1
5
0
4
5
4
7
0
9
5
0
7
0
2
11
10
9
0
0
8
1
8
5
0
4
6
9
12
33
59
99
124
149
171
196
200
218
226
240
238
243
240
235
244
235
233
218
203
180
156
136
104
43
2
-11
-12
-10
-2
-1
-7
-6
-10
-10
-6
-8
-2
-3
-6
-10
-4
-3
-7
-13
-3
-12
-8
-9
-10
-6
-10
-13
-9
-11
-7
-10
-5
-5
-10
-10
-8
-1
-4
-11
-7
-12
-7
-2
2
-2
-10
-2
-10
-12
-6
-4
-4
-5
-11
-1
-5
0
-10
-8
-12
-9
-9
-9
-5
-3
-6
-4
-5
-6
-7
-10
-10
-6
4
1
-8
-5
0
-1
-5
-11
-7
-10
-10
-6
-4
-1
-1
-1
-4
-4
-4
-8
-2
-14
-7
-4
-3
-4
-3
-9
-5
-5
-4
-7
-8
-6
-4
-5
-7
-1
-4
-16
-11
-27
-56
-86
-111
-140
-168
-179
-192
-209
-218
-240
-241
-242
-242
-244
-236
-227
-228
-209
-191
-175
-149
-130
-76
-15
2
7
2
4
5
10
1
8
10
3
6
8
1
7
1
3
3
8
10
7
5
5
5
10
6
7
10
1
1
4
11
12
7
8
5
0
7
-3
1
2
10
8
6
6
13
1
3
0
3
7
6
14
5
