327
356
312
265
247
229
276
294
272
294
290
272
309
250
280
287
254
261
334
287
240
225
280
243
261
240
280
240
232
254
196
236
196
203
174
200
254
236
210
221
200
189
127
167
207
210
185
163
163
152
167
152
160
141
145
116
221
1771
5393
9397
11605
11608
10394
9008
7841
6982
6222
5549
5055
4753
4640
4469
4407
4338
4273
4138
3967
3735
3436
3084
2716
2389
2036
1647
1287
796
167
-130
-265
-232
-254
-280
-280
-305
-280
-265
-290
-261
-261
-214
-269
-272
-236
-214
-232
-236
-272
-305
-265
-309
-250
-301
-320
-290
-309
-290
-301
-269
-305
-243
-276
-287
-250
-287
-301
-283
-290
-334
-290
-240
-272
-287
-301
-305
-323
-345
-301
-381
-334
-374
-305
-316
-323
-327
-323
-290
-323
-265
-261
-247
-276
-309
-280
-305
-265
-294
-309
-283
-265
-232
-290
-283
-301
-250
-240
-276
-196
-210
-200
-236
-250
-247
-221
-178
-243
-196
-214
-218
-185
-269
-232
-207
-221
-210
-174
-123
-141
-152
-178
-141
-112
-134
-116
-134
-141
-145
-447
-2447
-6135
-9372
-10983
-11237
-10616
-9466
-8059
-6804
-5713
-5095
-4684
-4418
-4327
-4320
-4298
-4182
-4062
-3902
-3731
-3455
-3229
-2916
-2585
-2214
-1843
-1542
-1138
-567
14
152
250
272
247
341
272
298
334
323
290
276
236
283
261
221
218
258
225
261
254
280
261
250
294
356
334
320
327
261
269
254
254
247
269
265
258
229
232
269
276
261
232
294
276
247
320
334
309
330
312
280
294
283
