0
0
1
6
0
0
-1
-1
2
0
4
-1
-1
7
1
0
5
8
2
5
5
3
8
12
2
0
2
11
7
5
8
-2
11
7
5
9
6
8
8
4
0
3
-2
8
3
2
0
-9
2
2
-1
5
8
10
5
2
6
-1
7
1
1
10
8
4
0
21
48
68
86
113
139
162
176
184
197
210
215
221
219
219
214
211
196
181
159
128
87
41
7
-5
-4
-12
-12
-5
-20
-8
-2
-4
-7
-12
-13
-12
-12
0
-4
0
-1
-5
-7
-10
-9
-7
-4
-7
-7
-8
-6
-2
-7
-8
-3
-4
-8
-7
-12
-5
-9
5
-5
-5
-5
-7
-7
1
-4
2
-4
-5
-2
-5
-5
-7
-6
-4
-7
-9
-14
-9
-7
-5
-4
-10
-12
-3
-6
-8
-5
0
-5
-4
4
-4
-5
-7
-8
-3
-1
-1
0
1
-4
-5
-5
-4
1
-4
-17
-5
-8
-15
-4
-5
-8
-8
-4
-7
-6
0
-4
-11
-6
-8
-1
-4
0
5
-1
4
-4
-6
-2
-4
-4
-7
-7
-10
-27
-41
-66
-91
-127
-143
-159
-175
-188
-188
-201
-209
-210
-209
-198
-195
-181
-164
-135
-121
-86
-39
0
4
6
10
4
13
2
2
2
-1
7
14
10
5
4
4
13
5
3
-2
5
11
5
12
12
8
1
4
4
5
8
10
2
12
4
2
6
8
9
2
0
2
-3
7
7
0
5
8
9
2
5
7
