4
1
4
0
-1
6
7
10
1
11
16
4
9
1
3
0
3
12
8
6
7
6
8
6
7
7
5
10
-1
5
1
4
4
-2
5
4
0
5
2
2
4
2
7
13
11
12
3
7
9
4
8
3
5
5
2
-1
1
4
-1
0
6
3
8
20
37
75
102
126
143
157
172
185
204
213
219
219
215
225
228
228
222
215
200
181
162
132
92
24
-8
-17
0
-5
-8
0
-2
-2
-4
-11
-2
-10
-7
-10
-12
-10
-17
-8
-5
-5
-5
-9
-5
-2
-9
-6
-13
1
-3
-7
0
-4
-8
-6
-17
-5
-15
-3
-2
-6
-1
-5
-5
-6
-7
-5
-5
-5
0
-4
-7
-10
-7
-12
-14
-3
-7
-1
0
1
-6
-10
-4
-9
0
2
-7
-5
-10
-13
-4
-1
-10
-5
-7
-1
-4
1
1
-6
-10
-8
-4
-3
-3
0
-5
0
-1
-2
-4
-2
1
0
0
-3
-12
-9
-8
-4
1
-12
-4
-8
-5
-1
-3
-5
-10
-4
-1
-10
-9
-5
-10
-40
-74
-97
-134
-159
-182
-194
-200
-210
-219
-236
-234
-239
-250
-243
-249
-230
-225
-209
-189
-171
-147
-123
-76
-21
10
11
7
11
9
4
6
4
11
9
12
13
8
8
7
11
14
12
7
2
2
1
2
5
11
7
16
4
14
15
4
8
8
14
7
2
14
6
6
14
5
5
8
10
3
-1
2
10
7
8
11
1
