10
11
28
30
34
46
48
56
64
59
63
72
73
86
94
87
96
109
101
120
121
134
138
142
139
140
152
160
165
177
179
182
178
180
192
198
189
194
199
200
203
206
211
219
225
222
223
227
229
229
226
232
242
244
231
244
246
248
255
253
245
251
247
252
264
269
255
261
268
262
265
266
260
259
262
266
269
274
272
269
265
272
269
264
262
261
256
261
254
254
253
262
261
252
256
251
245
243
239
235
235
229
228
224
226
210
206
200
194
196
188
184
178
173
172
166
152
150
141
142
136
132
121
110
96
101
96
85
85
70
61
56
40
34
19
25
25
14
4
-4
-15
-21
-33
-39
-40
-45
-48
-54
-58
-65
-67
-74
-78
-88
-94
-88
-99
-99
-116
-119
-120
-124
-134
-139
-157
-153
-157
-160
-168
-170
-173
-171
-181
-185
-188
-194
-187
-192
-198
-209
-202
-209
-212
-212
-218
-223
-222
-232
-233
-236
-228
-239
-241
-239
-246
-245
-254
-243
-246
-256
-255
-259
-259
-261
-268
-265
-255
-265
-264
-275
-269
-264
-274
-271
-275
-269
-261
-267
-272
-272
-280
-264
-268
-270
-265
-271
-263
-258
-256
-251
-259
-261
-254
-256
-242
-244
-239
-235
-233
-233
-232
-228
-224
-224
-215
-218
-212
-213
-201
-193
-198
-183
-180
-175
-178
-164
-152
-153
-144
-140
-127
-125
-120
-110
-110
-102
-84
-81
-73
-65
-59
-53
-42
-34
-36
-24
-20
-9
-1
4
