305
316
305
301
280
290
320
312
294
258
316
323
338
298
272
301
294
360
298
283
269
247
305
232
236
290
258
225
287
214
225
258
225
229
221
236
250
243
229
247
250
254
200
170
174
207
174
203
170
207
185
167
163
174
236
1320
5200
10492
14522
15845
14231
11354
8881
7346
6600
6084
5640
5157
4826
4622
4557
4517
4491
4437
4320
4189
4036
3786
3509
3109
2742
2469
2123
1683
1192
472
-80
-207
-207
-290
-221
-265
-356
-323
-345
-316
-334
-287
-258
-287
-247
-280
-301
-287
-280
-290
-323
-298
-341
-341
-341
-309
-312
-316
-301
-320
-272
-352
-294
-301
-261
-334
-305
-265
-327
-240
-316
-290
-283
-327
-341
-378
-312
-367
-338
-298
-309
-327
-341
-305
-363
-276
-283
-258
-258
-320
-309
-290
-240
-269
-280
-287
-298
-269
-280
-240
-316
-294
-290
-287
-294
-298
-280
-280
-232
-290
-240
-221
-258
-247
-258
-232
-207
-174
-160
-214
-174
-225
-210
-236
-210
-192
-196
-170
-181
-192
-167
-214
-156
-170
-181
-174
-127
-130
-410
-2531
-7612
-12801
-15562
-15267
-13332
-11085
-9284
-8055
-6946
-6066
-5331
-4807
-4626
-4477
-4400
-4400
-4356
-4276
-4098
-3920
-3724
-3509
-3204
-2938
-2629
-2305
-1938
-1494
-949
-301
98
221
287
345
334
349
345
327
327
305
287
320
280
272
276
316
283
272
269
301
265
323
378
323
378
345
269
305
327
272
276
294
247
290
305
320
294
301
305
283
290
327
287
345
312
323
360
352
312
381
374
367
367
294
