15
20
31
38
44
54
51
56
51
61
73
81
78
88
89
101
109
113
123
130
128
124
138
152
152
159
166
169
169
176
184
183
188
193
192
197
202
210
210
212
219
213
218
225
233
229
226
223
226
232
239
242
242
242
238
243
253
254
252
258
254
255
260
258
258
264
266
265
265
254
262
258
266
262
260
258
265
264
257
265
263
260
263
262
259
251
256
250
252
242
247
244
245
246
239
233
228
228
232
226
222
223
215
212
208
203
211
202
193
192
188
180
185
170
166
158
143
147
137
130
121
120
115
103
97
86
86
80
70
58
62
52
34
31
24
18
5
4
-4
-8
-20
-27
-33
-31
-45
-51
-51
-68
-68
-74
-70
-84
-86
-91
-99
-107
-113
-115
-120
-125
-138
-139
-146
-159
-164
-163
-160
-170
-176
-183
-180
-196
-192
-194
-197
-195
-200
-202
-210
-213
-222
-221
-228
-232
-229
-234
-228
-232
-233
-232
-239
-239
-237
-240
-244
-252
-251
-256
-256
-254
-265
-258
-263
-263
-262
-264
-262
-264
-268
-260
-268
-266
-264
-266
-263
-263
-266
-265
-257
-272
-253
-263
-251
-257
-268
-251
-256
-254
-252
-256
-248
-245
-243
-235
-242
-237
-235
-225
-225
-223
-219
-218
-221
-205
-216
-204
-199
-196
-195
-188
-187
-188
-172
-163
-158
-165
-156
-146
-136
-136
-128
-132
-111
-103
-91
-95
-83
-83
-68
-61
-48
-41
-37
-32
-18
-10
-5
1
4
4
