573
588
522
504
537
384
366
446
479
511
501
537
540
522
519
497
439
421
486
1307
1909
1935
1938
1967
2014
2109
1946
1935
2109
1971
1953
2051
2171
2276
2192
1953
1604
1259
1136
1532
2004
2301
2606
2893
3111
2741
2196
1702
1361
1238
1408
1459
1499
1601
1633
1691
1840
1971
2004
2004
2171
2247
2250
2341
2330
2428
2385
2178
2069
2073
2083
2102
2087
2098
2152
2171
2091
2149
2131
2131
2080
2069
2007
1971
1927
1597
577
-228
-428
-413
-493
-522
-501
-348
-83
268
265
214
50
-181
-323
-453
-457
-493
-464
-421
-370
-301
-330
-355
-334
-359
-428
-442
-442
-402
-410
-373
-439
-446
-453
-530
-649
-675
-729
-697
-693
-624
-664
-584
-555
-457
-410
-352
-373
-464
-490
-544
-559
-620
-551
-533
-548
-533
-435
-421
-363
-399
-446
-519
-533
-566
-508
-533
-490
-482
-421
-402
-838
-1815
-1956
-1942
-1942
-2000
-2174
-2185
-1993
-2091
-2152
-1938
-1920
-2007
-2149
-2309
-2250
-1975
-1633
-1299
-1339
-1717
-2134
-2472
-2781
-3140
-3129
-2650
-2116
-1579
-1397
-1492
-1582
-1561
-1626
-1710
-1826
-1862
-2051
-2211
-2149
-2305
-2461
-2432
-2436
-2454
-2599
-2715
-2559
-2359
-2250
-2283
-2316
-2301
-2272
-2243
-2359
-2486
-2548
-2603
-2686
-2643
-2657
-2679
-2603
-2508
-2476
-1960
-678
174
257
243
392
519
479
156
-341
-439
-424
-363
-225
-39
261
479
493
493
471
453
373
326
344
275
373
377
410
421
479
417
413
399
486
504
475
602
646
660
682
707
678
631
624
577
555
526
388
337
377
457
526
508
555
595
