301
341
349
250
294
312
309
298
261
312
272
272
290
283
294
320
316
312
280
247
276
316
247
261
254
221
272
229
261
261
200
243
254
218
287
218
225
218
218
214
232
203
189
203
189
185
200
192
189
196
141
87
123
123
127
130
149
723
3196
7088
10416
11798
11288
9750
8215
6979
6099
5455
5106
4837
4629
4437
4320
4240
4135
4007
3793
3524
3222
2891
2651
2309
1996
1611
1141
560
0
-156
-189
-225
-250
-301
-330
-283
-269
-261
-265
-261
-287
-210
-181
-218
-192
-258
-225
-269
-254
-309
-280
-269
-280
-250
-323
-305
-294
-276
-294
-280
-272
-312
-243
-280
-261
-214
-265
-247
-250
-250
-290
-247
-258
-320
-298
-301
-298
-276
-316
-309
-356
-330
-320
-272
-250
-210
-236
-290
-283
-261
-243
-229
-221
-254
-229
-290
-254
-250
-269
-229
-290
-283
-250
-243
-243
-250
-236
-265
-196
-181
-214
-214
-240
-178
-189
-203
-225
-203
-214
-203
-178
-167
-189
-123
-116
-170
-174
-138
-160
-178
-152
-163
-105
-200
-152
-149
-138
-83
-141
-941
-3738
-7470
-10176
-10772
-10070
-8924
-7815
-6870
-5960
-5320
-4782
-4484
-4356
-4266
-4247
-4236
-4186
-4026
-3822
-3575
-3305
-3011
-2716
-2407
-1993
-1578
-1196
-614
10
178
181
254
298
250
320
320
312
352
298
298
240
247
247
203
178
243
221
265
349
294
272
316
320
301
294
290
309
280
305
258
269
280
272
265
269
243
287
254
261
261
298
258
305
316
309
294
316
341
370
352
349
330
