5
-2
5
14
11
5
0
5
10
0
5
4
4
7
-1
-2
4
7
12
4
3
5
10
12
12
1
4
5
5
4
2
4
5
-2
-2
-1
5
3
7
2
10
3
3
2
0
7
0
1
5
12
5
-2
-2
-2
0
4
5
6
0
7
2
12
2
0
0
20
51
77
104
121
143
169
188
195
199
204
204
217
219
212
207
198
185
158
139
121
77
22
-1
-8
2
-7
-10
-7
-3
-5
-11
-5
-1
-12
-16
-11
-12
-11
-10
-6
-10
-10
-2
-7
-2
-5
-7
-7
-4
-1
-7
-5
-4
-10
1
-6
-5
2
-2
1
-5
1
-6
0
0
-6
-1
-8
3
-2
-9
-6
-8
-7
-3
4
-5
-3
-11
-11
-7
-4
-3
-5
-7
-5
-7
-9
-5
-4
-8
-10
-5
-3
5
-5
-4
-1
-5
-2
-7
-3
-1
1
-10
-6
-11
-2
-5
-2
-4
-1
0
-4
-2
-11
-7
-4
0
0
-9
-5
-8
-5
-2
-4
-5
-1
-3
-4
-5
-2
-3
-10
-2
-8
-12
-10
-14
-33
-64
-100
-129
-144
-170
-170
-181
-195
-210
-218
-219
-221
-222
-228
-215
-200
-190
-156
-142
-114
-71
-12
7
21
14
6
7
10
7
7
2
1
5
8
6
4
5
7
-1
8
8
14
11
2
12
5
8
11
5
10
8
2
9
4
11
9
2
5
5
0
0
2
3
12
4
2
7
7
2
7
7
-3
11
11
