1
12
8
8
5
10
8
5
5
5
0
10
5
5
11
7
14
10
8
2
0
4
1
3
4
5
7
9
9
5
7
7
7
3
8
4
5
10
6
5
3
4
11
5
12
7
4
8
4
4
2
13
13
4
3
12
12
5
-1
0
2
12
33
81
128
171
199
210
217
227
235
236
233
231
236
241
246
252
249
240
233
225
218
193
178
155
123
71
10
-8
-12
-15
-16
-10
-8
-7
-15
-9
-8
-10
-2
-5
-8
-9
-8
-4
-5
0
-10
-5
0
-7
-13
-4
-5
-1
-9
-4
-2
-8
-6
-10
-10
-10
-2
-7
-10
-5
-9
-9
-10
-6
-1
-15
-7
-7
-6
-1
-4
-8
-5
-6
-9
-12
-5
-10
-11
-6
-6
-8
0
-1
-2
-10
-11
-4
-4
-7
-5
-5
-2
-5
-4
-4
-5
-10
-2
-2
-7
1
-7
-7
-7
-10
-3
1
-7
-7
-2
-2
-4
0
-2
-5
0
-3
-4
-2
-5
-5
-1
0
-4
-11
-5
-8
-7
-7
-8
-4
-7
-3
-27
-84
-127
-162
-175
-208
-215
-217
-226
-219
-232
-236
-231
-242
-241
-255
-254
-243
-251
-236
-225
-196
-185
-159
-124
-65
2
7
10
5
10
10
8
-1
7
3
16
12
0
2
10
10
14
4
5
6
9
12
4
4
1
1
8
3
8
15
7
8
8
7
14
1
16
10
12
4
5
2
7
6
11
11
7
11
8
13
11
4
